70km altitude
   alt.[km]     year     month       day      hour  SZA[deg]         o2-vmr         ox-vmr          o-vmr         o3-vmr    [o2][cm^-3]   [ox][1/cm^3]    [o][1/cm^3]   [o3][1/cm^3]      topo3[DU]
      70.      2000         1         1     12.00     63.05     0.2094E+00     0.2925E-08     0.2584E-08     0.3413E-09     0.4230E+15     0.5909E+07     0.5219E+07     0.6894E+06     0.1666E-04
      70.      2001         1         1     12.00     62.99     0.2094E+00     0.3177E-05     0.2803E-05     0.3738E-06     0.4230E+15     0.6417E+10     0.5662E+10     0.7551E+09     0.1825E-01
      70.      2002         1         1     12.00     63.01     0.2094E+00     0.6292E-05     0.5545E-05     0.7469E-06     0.4230E+15     0.1271E+11     0.1120E+11     0.1509E+10     0.3646E-01
      70.      2003         1         1     12.00     63.03     0.2094E+00     0.9345E-05     0.8226E-05     0.1119E-05     0.4230E+15     0.1888E+11     0.1662E+11     0.2260E+10     0.5462E-01
      70.      2004         1         1     12.00     63.05     0.2094E+00     0.1232E-04     0.1083E-04     0.1488E-05     0.4230E+15     0.2488E+11     0.2188E+11     0.3006E+10     0.7263E-01
      70.      2005         1         1     12.00     62.99     0.2094E+00     0.1520E-04     0.1335E-04     0.1852E-05     0.4230E+15     0.3071E+11     0.2697E+11     0.3740E+10     0.9038E-01
      70.      2006         1         1     12.00     63.01     0.2094E+00     0.1797E-04     0.1577E-04     0.2207E-05     0.4230E+15     0.3630E+11     0.3185E+11     0.4459E+10     0.1077E+00
      70.      2007         1         1     12.00     63.03     0.2094E+00     0.2062E-04     0.1807E-04     0.2554E-05     0.4230E+15     0.4166E+11     0.3650E+11     0.5158E+10     0.1246E+00
      70.      2008         1         1     12.00     63.05     0.2094E+00     0.2314E-04     0.2025E-04     0.2888E-05     0.4230E+15     0.4674E+11     0.4091E+11     0.5835E+10     0.1410E+00
      70.      2009         1         1     12.00     62.98     0.2094E+00     0.2553E-04     0.2232E-04     0.3210E-05     0.4230E+15     0.5156E+11     0.4508E+11     0.6484E+10     0.1567E+00
      70.      2010         1         1     12.00     63.00     0.2094E+00     0.2777E-04     0.2425E-04     0.3518E-05     0.4230E+15     0.5609E+11     0.4898E+11     0.7107E+10     0.1717E+00
      70.      2011         1         1     12.00     63.02     0.2094E+00     0.2986E-04     0.2605E-04     0.3811E-05     0.4230E+15     0.6032E+11     0.5262E+11     0.7699E+10     0.1860E+00
      70.      2012         1         1     12.00     63.04     0.2094E+00     0.3181E-04     0.2773E-04     0.4089E-05     0.4230E+15     0.6427E+11     0.5601E+11     0.8260E+10     0.1996E+00
      70.      2013         1         1     12.00     62.98     0.2094E+00     0.3363E-04     0.2928E-04     0.4350E-05     0.4230E+15     0.6792E+11     0.5914E+11     0.8786E+10     0.2123E+00
      70.      2014         1         1     12.00     63.00     0.2094E+00     0.3529E-04     0.3070E-04     0.4595E-05     0.4230E+15     0.7129E+11     0.6201E+11     0.9283E+10     0.2243E+00
      70.      2015         1         1     12.00     63.02     0.2094E+00     0.3683E-04     0.3200E-04     0.4825E-05     0.4230E+15     0.7439E+11     0.6465E+11     0.9747E+10     0.2355E+00
      70.      2016         1         1     12.00     63.04     0.2094E+00     0.3823E-04     0.3319E-04     0.5039E-05     0.4230E+15     0.7723E+11     0.6705E+11     0.1018E+11     0.2460E+00
      70.      2017         1         1     12.00     62.98     0.2094E+00     0.3951E-04     0.3428E-04     0.5235E-05     0.4230E+15     0.7981E+11     0.6924E+11     0.1057E+11     0.2555E+00
      70.      2018         1         1     12.00     63.00     0.2094E+00     0.4068E-04     0.3526E-04     0.5418E-05     0.4230E+15     0.8217E+11     0.7122E+11     0.1094E+11     0.2645E+00
      70.      2019         1         1     12.00     63.02     0.2094E+00     0.4173E-04     0.3614E-04     0.5587E-05     0.4230E+15     0.8430E+11     0.7301E+11     0.1129E+11     0.2727E+00
      70.      2020         1         1     12.00     63.04     0.2094E+00     0.4268E-04     0.3694E-04     0.5742E-05     0.4230E+15     0.8622E+11     0.7462E+11     0.1160E+11     0.2803E+00
      70.      2021         1         1     12.00     62.98     0.2094E+00     0.4354E-04     0.3766E-04     0.5881E-05     0.4230E+15     0.8796E+11     0.7608E+11     0.1188E+11     0.2870E+00
      70.      2022         1         1     12.00     63.00     0.2094E+00     0.4432E-04     0.3831E-04     0.6010E-05     0.4230E+15     0.8952E+11     0.7738E+11     0.1214E+11     0.2934E+00
      70.      2023         1         1     12.00     63.02     0.2094E+00     0.4501E-04     0.3888E-04     0.6128E-05     0.4230E+15     0.9093E+11     0.7855E+11     0.1238E+11     0.2991E+00
      70.      2024         1         1     12.00     63.04     0.2094E+00     0.4564E-04     0.3940E-04     0.6236E-05     0.4230E+15     0.9218E+11     0.7959E+11     0.1260E+11     0.3044E+00
      70.      2025         1         1     12.00     62.97     0.2094E+00     0.4619E-04     0.3986E-04     0.6328E-05     0.4230E+15     0.9331E+11     0.8053E+11     0.1278E+11     0.3089E+00
      70.      2026         1         1     12.00     63.00     0.2094E+00     0.4669E-04     0.4028E-04     0.6416E-05     0.4230E+15     0.9432E+11     0.8136E+11     0.1296E+11     0.3132E+00
      70.      2027         1         1     12.00     63.02     0.2094E+00     0.4714E-04     0.4064E-04     0.6495E-05     0.4230E+15     0.9522E+11     0.8210E+11     0.1312E+11     0.3170E+00
      70.      2028         1         1     12.00     63.03     0.2094E+00     0.4753E-04     0.4097E-04     0.6566E-05     0.4230E+15     0.9602E+11     0.8275E+11     0.1326E+11     0.3205E+00
      70.      2029         1         1     12.00     62.97     0.2094E+00     0.4789E-04     0.4126E-04     0.6625E-05     0.4230E+15     0.9673E+11     0.8335E+11     0.1338E+11     0.3234E+00
      70.      2030         1         1     12.00     62.99     0.2094E+00     0.4820E-04     0.4152E-04     0.6683E-05     0.4230E+15     0.9736E+11     0.8387E+11     0.1350E+11     0.3262E+00
      70.      2031         1         1     12.00     63.01     0.2094E+00     0.4848E-04     0.4175E-04     0.6735E-05     0.4230E+15     0.9793E+11     0.8433E+11     0.1360E+11     0.3287E+00
      70.      2032         1         1     12.00     63.03     0.2094E+00     0.4873E-04     0.4195E-04     0.6781E-05     0.4230E+15     0.9843E+11     0.8473E+11     0.1370E+11     0.3310E+00
      70.      2033         1         1     12.00     62.97     0.2094E+00     0.4895E-04     0.4213E-04     0.6817E-05     0.4230E+15     0.9888E+11     0.8511E+11     0.1377E+11     0.3327E+00
      70.      2034         1         1     12.00     62.99     0.2094E+00     0.4914E-04     0.4229E-04     0.6854E-05     0.4230E+15     0.9927E+11     0.8543E+11     0.1385E+11     0.3346E+00
      70.      2035         1         1     12.00     63.01     0.2094E+00     0.4932E-04     0.4243E-04     0.6888E-05     0.4230E+15     0.9962E+11     0.8571E+11     0.1391E+11     0.3362E+00
      70.      2036         1         1     12.00     63.03     0.2094E+00     0.4947E-04     0.4256E-04     0.6918E-05     0.4230E+15     0.9994E+11     0.8596E+11     0.1397E+11     0.3377E+00
      70.      2037         1         1     12.00     62.97     0.2094E+00     0.4961E-04     0.4267E-04     0.6938E-05     0.4230E+15     0.1002E+12     0.8619E+11     0.1402E+11     0.3387E+00
      70.      2038         1         1     12.00     62.99     0.2094E+00     0.4973E-04     0.4277E-04     0.6962E-05     0.4230E+15     0.1005E+12     0.8639E+11     0.1406E+11     0.3398E+00
      70.      2039         1         1     12.00     63.01     0.2094E+00     0.4984E-04     0.4285E-04     0.6984E-05     0.4230E+15     0.1007E+12     0.8656E+11     0.1411E+11     0.3409E+00
      70.      2040         1         1     12.00     63.03     0.2094E+00     0.4993E-04     0.4293E-04     0.7003E-05     0.4230E+15     0.1009E+12     0.8672E+11     0.1415E+11     0.3418E+00
      70.      2041         1         1     12.00     62.96     0.2094E+00     0.5002E-04     0.4300E-04     0.7014E-05     0.4230E+15     0.1010E+12     0.8686E+11     0.1417E+11     0.3423E+00
      70.      2042         1         1     12.00     62.99     0.2094E+00     0.5009E-04     0.4306E-04     0.7029E-05     0.4230E+15     0.1012E+12     0.8698E+11     0.1420E+11     0.3431E+00
      70.      2043         1         1     12.00     63.01     0.2094E+00     0.5016E-04     0.4311E-04     0.7043E-05     0.4230E+15     0.1013E+12     0.8709E+11     0.1423E+11     0.3438E+00
      70.      2044         1         1     12.00     63.03     0.2094E+00     0.5021E-04     0.4316E-04     0.7056E-05     0.4230E+15     0.1014E+12     0.8718E+11     0.1425E+11     0.3444E+00
      70.      2045         1         1     12.00     62.96     0.2094E+00     0.5026E-04     0.4320E-04     0.7060E-05     0.4230E+15     0.1015E+12     0.8727E+11     0.1426E+11     0.3446E+00
      70.      2046         1         1     12.00     62.98     0.2094E+00     0.5031E-04     0.4324E-04     0.7071E-05     0.4230E+15     0.1016E+12     0.8735E+11     0.1428E+11     0.3451E+00
      70.      2047         1         1     12.00     63.00     0.2094E+00     0.5035E-04     0.4327E-04     0.7080E-05     0.4230E+15     0.1017E+12     0.8741E+11     0.1430E+11     0.3456E+00
      70.      2048         1         1     12.00     63.02     0.2094E+00     0.5039E-04     0.4330E-04     0.7088E-05     0.4230E+15     0.1018E+12     0.8747E+11     0.1432E+11     0.3460E+00
      70.      2049         1         1     12.00     62.96     0.2094E+00     0.5042E-04     0.4333E-04     0.7089E-05     0.4230E+15     0.1018E+12     0.8752E+11     0.1432E+11     0.3460E+00
