04km altitude
   alt.[km]     year     month       day      hour  SZA[deg]         o2-vmr         ox-vmr          o-vmr         o3-vmr    [o2][cm^-3]   [ox][1/cm^3]    [o][1/cm^3]   [o3][1/cm^3]      topo3[DU]
       4.      2000         1         1     12.00    113.05     0.2098E+00     0.0000E+00     0.0000E+00     0.0000E+00     0.3630E+19     0.0000E+00     0.0000E+00     0.0000E+00     0.0000E+00
       4.      2001         1         1     12.00    112.98     0.2098E+00     0.0000E+00     0.0000E+00     0.0000E+00     0.3630E+19     0.0000E+00     0.0000E+00     0.0000E+00     0.9654E+02
       4.      2002         1         1     12.00    113.00     0.2098E+00     0.0000E+00     0.0000E+00     0.0000E+00     0.3630E+19     0.0000E+00     0.0000E+00     0.0000E+00     0.1109E+03
       4.      2003         1         1     12.00    113.02     0.2098E+00     0.0000E+00     0.0000E+00     0.0000E+00     0.3630E+19     0.0000E+00     0.0000E+00     0.0000E+00     0.1194E+03
       4.      2004         1         1     12.00    113.04     0.2098E+00     0.0000E+00     0.0000E+00     0.0000E+00     0.3630E+19     0.0000E+00     0.0000E+00     0.0000E+00     0.1249E+03
       4.      2005         1         1     12.00    112.98     0.2098E+00     0.0000E+00     0.0000E+00     0.0000E+00     0.3630E+19     0.0000E+00     0.0000E+00     0.0000E+00     0.1289E+03
       4.      2006         1         1     12.00    113.00     0.2098E+00     0.0000E+00     0.0000E+00     0.0000E+00     0.3630E+19     0.0000E+00     0.0000E+00     0.0000E+00     0.1319E+03
       4.      2007         1         1     12.00    113.02     0.2098E+00     0.0000E+00     0.0000E+00     0.0000E+00     0.3630E+19     0.0000E+00     0.0000E+00     0.0000E+00     0.1343E+03
       4.      2008         1         1     12.00    113.04     0.2098E+00     0.0000E+00     0.0000E+00     0.0000E+00     0.3630E+19     0.0000E+00     0.0000E+00     0.0000E+00     0.1364E+03
       4.      2009         1         1     12.00    112.98     0.2098E+00     0.0000E+00     0.0000E+00     0.0000E+00     0.3630E+19     0.0000E+00     0.0000E+00     0.0000E+00     0.1382E+03
       4.      2010         1         1     12.00    113.00     0.2098E+00     0.0000E+00     0.0000E+00     0.0000E+00     0.3630E+19     0.0000E+00     0.0000E+00     0.0000E+00     0.1397E+03
       4.      2011         1         1     12.00    113.02     0.2098E+00     0.0000E+00     0.0000E+00     0.0000E+00     0.3630E+19     0.0000E+00     0.0000E+00     0.0000E+00     0.1412E+03
       4.      2012         1         1     12.00    113.04     0.2098E+00     0.0000E+00     0.0000E+00     0.0000E+00     0.3630E+19     0.0000E+00     0.0000E+00     0.0000E+00     0.1424E+03
       4.      2013         1         1     12.00    112.98     0.2098E+00     0.0000E+00     0.0000E+00     0.0000E+00     0.3630E+19     0.0000E+00     0.0000E+00     0.0000E+00     0.1436E+03
       4.      2014         1         1     12.00    113.00     0.2098E+00     0.0000E+00     0.0000E+00     0.0000E+00     0.3630E+19     0.0000E+00     0.0000E+00     0.0000E+00     0.1446E+03
       4.      2015         1         1     12.00    113.02     0.2098E+00     0.0000E+00     0.0000E+00     0.0000E+00     0.3630E+19     0.0000E+00     0.0000E+00     0.0000E+00     0.1456E+03
       4.      2016         1         1     12.00    113.04     0.2098E+00     0.0000E+00     0.0000E+00     0.0000E+00     0.3630E+19     0.0000E+00     0.0000E+00     0.0000E+00     0.1464E+03
       4.      2017         1         1     12.00    112.97     0.2098E+00     0.0000E+00     0.0000E+00     0.0000E+00     0.3630E+19     0.0000E+00     0.0000E+00     0.0000E+00     0.1472E+03
       4.      2018         1         1     12.00    112.99     0.2098E+00     0.0000E+00     0.0000E+00     0.0000E+00     0.3630E+19     0.0000E+00     0.0000E+00     0.0000E+00     0.1480E+03
       4.      2019         1         1     12.00    113.01     0.2098E+00     0.0000E+00     0.0000E+00     0.0000E+00     0.3630E+19     0.0000E+00     0.0000E+00     0.0000E+00     0.1487E+03
       4.      2020         1         1     12.00    113.03     0.2098E+00     0.0000E+00     0.0000E+00     0.0000E+00     0.3630E+19     0.0000E+00     0.0000E+00     0.0000E+00     0.1493E+03
       4.      2021         1         1     12.00    112.97     0.2098E+00     0.0000E+00     0.0000E+00     0.0000E+00     0.3630E+19     0.0000E+00     0.0000E+00     0.0000E+00     0.1499E+03
       4.      2022         1         1     12.00    112.99     0.2098E+00     0.0000E+00     0.0000E+00     0.0000E+00     0.3630E+19     0.0000E+00     0.0000E+00     0.0000E+00     0.1505E+03
       4.      2023         1         1     12.00    113.01     0.2098E+00     0.0000E+00     0.0000E+00     0.0000E+00     0.3630E+19     0.0000E+00     0.0000E+00     0.0000E+00     0.1511E+03
       4.      2024         1         1     12.00    113.03     0.2098E+00     0.0000E+00     0.0000E+00     0.0000E+00     0.3630E+19     0.0000E+00     0.0000E+00     0.0000E+00     0.1516E+03
       4.      2025         1         1     12.00    112.97     0.2098E+00     0.0000E+00     0.0000E+00     0.0000E+00     0.3630E+19     0.0000E+00     0.0000E+00     0.0000E+00     0.1521E+03
       4.      2026         1         1     12.00    112.99     0.2098E+00     0.0000E+00     0.0000E+00     0.0000E+00     0.3630E+19     0.0000E+00     0.0000E+00     0.0000E+00     0.1525E+03
       4.      2027         1         1     12.00    113.01     0.2098E+00     0.0000E+00     0.0000E+00     0.0000E+00     0.3630E+19     0.0000E+00     0.0000E+00     0.0000E+00     0.1530E+03
       4.      2028         1         1     12.00    113.03     0.2098E+00     0.0000E+00     0.0000E+00     0.0000E+00     0.3630E+19     0.0000E+00     0.0000E+00     0.0000E+00     0.1534E+03
       4.      2029         1         1     12.00    112.97     0.2098E+00     0.0000E+00     0.0000E+00     0.0000E+00     0.3630E+19     0.0000E+00     0.0000E+00     0.0000E+00     0.1538E+03
       4.      2030         1         1     12.00    112.99     0.2098E+00     0.0000E+00     0.0000E+00     0.0000E+00     0.3630E+19     0.0000E+00     0.0000E+00     0.0000E+00     0.1542E+03
       4.      2031         1         1     12.00    113.01     0.2098E+00     0.0000E+00     0.0000E+00     0.0000E+00     0.3630E+19     0.0000E+00     0.0000E+00     0.0000E+00     0.1546E+03
       4.      2032         1         1     12.00    113.03     0.2098E+00     0.0000E+00     0.0000E+00     0.0000E+00     0.3630E+19     0.0000E+00     0.0000E+00     0.0000E+00     0.1550E+03
       4.      2033         1         1     12.00    112.96     0.2098E+00     0.0000E+00     0.0000E+00     0.0000E+00     0.3630E+19     0.0000E+00     0.0000E+00     0.0000E+00     0.1554E+03
       4.      2034         1         1     12.00    112.98     0.2098E+00     0.0000E+00     0.0000E+00     0.0000E+00     0.3630E+19     0.0000E+00     0.0000E+00     0.0000E+00     0.1557E+03
       4.      2035         1         1     12.00    113.01     0.2098E+00     0.0000E+00     0.0000E+00     0.0000E+00     0.3630E+19     0.0000E+00     0.0000E+00     0.0000E+00     0.1560E+03
       4.      2036         1         1     12.00    113.03     0.2098E+00     0.0000E+00     0.0000E+00     0.0000E+00     0.3630E+19     0.0000E+00     0.0000E+00     0.0000E+00     0.1564E+03
       4.      2037         1         1     12.00    112.96     0.2098E+00     0.0000E+00     0.0000E+00     0.0000E+00     0.3630E+19     0.0000E+00     0.0000E+00     0.0000E+00     0.1567E+03
       4.      2038         1         1     12.00    112.98     0.2098E+00     0.0000E+00     0.0000E+00     0.0000E+00     0.3630E+19     0.0000E+00     0.0000E+00     0.0000E+00     0.1570E+03
       4.      2039         1         1     12.00    113.00     0.2098E+00     0.0000E+00     0.0000E+00     0.0000E+00     0.3630E+19     0.0000E+00     0.0000E+00     0.0000E+00     0.1573E+03
       4.      2040         1         1     12.00    113.02     0.2098E+00     0.0000E+00     0.0000E+00     0.0000E+00     0.3630E+19     0.0000E+00     0.0000E+00     0.0000E+00     0.1575E+03
       4.      2041         1         1     12.00    112.96     0.2098E+00     0.0000E+00     0.0000E+00     0.0000E+00     0.3630E+19     0.0000E+00     0.0000E+00     0.0000E+00     0.1578E+03
       4.      2042         1         1     12.00    112.98     0.2098E+00     0.0000E+00     0.0000E+00     0.0000E+00     0.3630E+19     0.0000E+00     0.0000E+00     0.0000E+00     0.1581E+03
       4.      2043         1         1     12.00    113.00     0.2098E+00     0.0000E+00     0.0000E+00     0.0000E+00     0.3630E+19     0.0000E+00     0.0000E+00     0.0000E+00     0.1583E+03
       4.      2044         1         1     12.00    113.02     0.2098E+00     0.0000E+00     0.0000E+00     0.0000E+00     0.3630E+19     0.0000E+00     0.0000E+00     0.0000E+00     0.1586E+03
       4.      2045         1         1     12.00    112.96     0.2098E+00     0.0000E+00     0.0000E+00     0.0000E+00     0.3630E+19     0.0000E+00     0.0000E+00     0.0000E+00     0.1588E+03
       4.      2046         1         1     12.00    112.98     0.2098E+00     0.0000E+00     0.0000E+00     0.0000E+00     0.3630E+19     0.0000E+00     0.0000E+00     0.0000E+00     0.1591E+03
       4.      2047         1         1     12.00    113.00     0.2098E+00     0.0000E+00     0.0000E+00     0.0000E+00     0.3630E+19     0.0000E+00     0.0000E+00     0.0000E+00     0.1593E+03
       4.      2048         1         1     12.00    113.02     0.2098E+00     0.0000E+00     0.0000E+00     0.0000E+00     0.3630E+19     0.0000E+00     0.0000E+00     0.0000E+00     0.1595E+03
       4.      2049         1         1     12.00    112.95     0.2098E+00     0.0000E+00     0.0000E+00     0.0000E+00     0.3630E+19     0.0000E+00     0.0000E+00     0.0000E+00     0.1597E+03
