-15° latitude
0.12     albedo
01km altitude
   alt.[km]     year     month       day      hour  SZA[deg]         o2-vmr         ox-vmr          o-vmr         o3-vmr    [o2][cm^-3]   [ox][1/cm^3]    [o][1/cm^3]   [o3][1/cm^3]      topo3[DU]
       1.      2000         1         1     12.00      8.08     0.2095E+00     0.1607E-16     0.1302E-24     0.1607E-16     0.5050E+19     0.3874E+03     0.3138E-05     0.3874E+03     0.3840E+02
       1.      2001         1         1     12.00      8.03     0.2095E+00     0.1607E-16     0.9238E-25     0.1607E-16     0.5050E+19     0.3874E+03     0.2226E-05     0.3874E+03     0.3499E+03
       1.      2002         1         1     12.00      8.05     0.2095E+00     0.1607E-16     0.9118E-25     0.1607E-16     0.5050E+19     0.3874E+03     0.2197E-05     0.3874E+03     0.3784E+03
       1.      2003         1         1     12.00      8.07     0.2095E+00     0.1607E-16     0.9057E-25     0.1607E-16     0.5050E+19     0.3874E+03     0.2183E-05     0.3874E+03     0.3930E+03
       1.      2004         1         1     12.00      8.08     0.2095E+00     0.1607E-16     0.9018E-25     0.1607E-16     0.5050E+19     0.3874E+03     0.2173E-05     0.3874E+03     0.4029E+03
       1.      2005         1         1     12.00      8.03     0.2095E+00     0.1607E-16     0.8991E-25     0.1607E-16     0.5050E+19     0.3874E+03     0.2167E-05     0.3874E+03     0.4104E+03
       1.      2006         1         1     12.00      8.05     0.2095E+00     0.1607E-16     0.8970E-25     0.1607E-16     0.5050E+19     0.3874E+03     0.2162E-05     0.3874E+03     0.4163E+03
       1.      2007         1         1     12.00      8.06     0.2095E+00     0.1607E-16     0.8953E-25     0.1607E-16     0.5050E+19     0.3874E+03     0.2158E-05     0.3874E+03     0.4211E+03
       1.      2008         1         1     12.00      8.08     0.2095E+00     0.1607E-16     0.8938E-25     0.1607E-16     0.5050E+19     0.3874E+03     0.2154E-05     0.3874E+03     0.4252E+03
       1.      2009         1         1     12.00      8.03     0.2095E+00     0.1607E-16     0.8926E-25     0.1607E-16     0.5050E+19     0.3874E+03     0.2151E-05     0.3874E+03     0.4287E+03
       1.      2010         1         1     12.00      8.04     0.2095E+00     0.1607E-16     0.8915E-25     0.1607E-16     0.5050E+19     0.3874E+03     0.2148E-05     0.3874E+03     0.4318E+03
       1.      2011         1         1     12.00      8.06     0.2095E+00     0.1607E-16     0.8905E-25     0.1607E-16     0.5050E+19     0.3874E+03     0.2146E-05     0.3874E+03     0.4345E+03
       1.      2012         1         1     12.00      8.08     0.2095E+00     0.1607E-16     0.8896E-25     0.1607E-16     0.5050E+19     0.3874E+03     0.2144E-05     0.3874E+03     0.4370E+03
       1.      2013         1         1     12.00      8.02     0.2095E+00     0.1607E-16     0.8888E-25     0.1607E-16     0.5050E+19     0.3874E+03     0.2142E-05     0.3874E+03     0.4393E+03
       1.      2014         1         1     12.00      8.04     0.2095E+00     0.1607E-16     0.8881E-25     0.1607E-16     0.5050E+19     0.3874E+03     0.2140E-05     0.3874E+03     0.4414E+03
       1.      2015         1         1     12.00      8.06     0.2095E+00     0.1607E-16     0.8874E-25     0.1607E-16     0.5050E+19     0.3874E+03     0.2139E-05     0.3874E+03     0.4433E+03
       1.      2016         1         1     12.00      8.08     0.2095E+00     0.1607E-16     0.8867E-25     0.1607E-16     0.5050E+19     0.3874E+03     0.2137E-05     0.3874E+03     0.4450E+03
       1.      2017         1         1     12.00      8.02     0.2095E+00     0.1607E-16     0.8862E-25     0.1607E-16     0.5050E+19     0.3874E+03     0.2136E-05     0.3874E+03     0.4467E+03
       1.      2018         1         1     12.00      8.04     0.2095E+00     0.1607E-16     0.8856E-25     0.1607E-16     0.5050E+19     0.3874E+03     0.2134E-05     0.3874E+03     0.4482E+03
       1.      2019         1         1     12.00      8.06     0.2095E+00     0.1607E-16     0.8851E-25     0.1607E-16     0.5050E+19     0.3874E+03     0.2133E-05     0.3874E+03     0.4496E+03
       1.      2020         1         1     12.00      8.07     0.2095E+00     0.1607E-16     0.8847E-25     0.1607E-16     0.5050E+19     0.3874E+03     0.2132E-05     0.3874E+03     0.4509E+03
       1.      2021         1         1     12.00      8.02     0.2095E+00     0.1607E-16     0.8843E-25     0.1607E-16     0.5050E+19     0.3874E+03     0.2131E-05     0.3874E+03     0.4522E+03
       1.      2022         1         1     12.00      8.04     0.2095E+00     0.1607E-16     0.8840E-25     0.1607E-16     0.5050E+19     0.3874E+03     0.2130E-05     0.3874E+03     0.4533E+03
       1.      2023         1         1     12.00      8.05     0.2095E+00     0.1607E-16     0.8836E-25     0.1607E-16     0.5050E+19     0.3874E+03     0.2129E-05     0.3874E+03     0.4544E+03
       1.      2024         1         1     12.00      8.07     0.2095E+00     0.1607E-16     0.8833E-25     0.1607E-16     0.5050E+19     0.3874E+03     0.2129E-05     0.3874E+03     0.4554E+03
       1.      2025         1         1     12.00      8.02     0.2095E+00     0.1607E-16     0.8830E-25     0.1607E-16     0.5050E+19     0.3874E+03     0.2128E-05     0.3874E+03     0.4564E+03
       1.      2026         1         1     12.00      8.03     0.2095E+00     0.1607E-16     0.8827E-25     0.1607E-16     0.5050E+19     0.3874E+03     0.2127E-05     0.3874E+03     0.4573E+03
       1.      2027         1         1     12.00      8.05     0.2095E+00     0.1607E-16     0.8824E-25     0.1607E-16     0.5050E+19     0.3874E+03     0.2127E-05     0.3874E+03     0.4582E+03
       1.      2028         1         1     12.00      8.07     0.2095E+00     0.1607E-16     0.8821E-25     0.1607E-16     0.5050E+19     0.3874E+03     0.2126E-05     0.3874E+03     0.4590E+03
       1.      2029         1         1     12.00      8.01     0.2095E+00     0.1607E-16     0.8820E-25     0.1607E-16     0.5050E+19     0.3874E+03     0.2126E-05     0.3874E+03     0.4598E+03
       1.      2030         1         1     12.00      8.03     0.2095E+00     0.1607E-16     0.8817E-25     0.1607E-16     0.5050E+19     0.3874E+03     0.2125E-05     0.3874E+03     0.4606E+03
       1.      2031         1         1     12.00      8.05     0.2095E+00     0.1607E-16     0.8815E-25     0.1607E-16     0.5050E+19     0.3874E+03     0.2124E-05     0.3874E+03     0.4613E+03
       1.      2032         1         1     12.00      8.07     0.2095E+00     0.1607E-16     0.8812E-25     0.1607E-16     0.5050E+19     0.3874E+03     0.2124E-05     0.3874E+03     0.4620E+03
       1.      2033         1         1     12.00      8.01     0.2095E+00     0.1607E-16     0.8811E-25     0.1607E-16     0.5050E+19     0.3874E+03     0.2123E-05     0.3874E+03     0.4627E+03
       1.      2034         1         1     12.00      8.03     0.2095E+00     0.1607E-16     0.8809E-25     0.1607E-16     0.5050E+19     0.3874E+03     0.2123E-05     0.3874E+03     0.4633E+03
       1.      2035         1         1     12.00      8.05     0.2095E+00     0.1607E-16     0.8807E-25     0.1607E-16     0.5050E+19     0.3874E+03     0.2122E-05     0.3874E+03     0.4639E+03
       1.      2036         1         1     12.00      8.06     0.2095E+00     0.1607E-16     0.8804E-25     0.1607E-16     0.5050E+19     0.3874E+03     0.2122E-05     0.3874E+03     0.4645E+03
       1.      2037         1         1     12.00      8.01     0.2095E+00     0.1607E-16     0.8803E-25     0.1607E-16     0.5050E+19     0.3874E+03     0.2122E-05     0.3874E+03     0.4651E+03
       1.      2038         1         1     12.00      8.03     0.2095E+00     0.1607E-16     0.8801E-25     0.1607E-16     0.5050E+19     0.3874E+03     0.2121E-05     0.3874E+03     0.4657E+03
       1.      2039         1         1     12.00      8.05     0.2095E+00     0.1607E-16     0.8799E-25     0.1607E-16     0.5050E+19     0.3874E+03     0.2121E-05     0.3874E+03     0.4662E+03
       1.      2040         1         1     12.00      8.06     0.2095E+00     0.1607E-16     0.8798E-25     0.1607E-16     0.5050E+19     0.3874E+03     0.2120E-05     0.3874E+03     0.4668E+03
       1.      2041         1         1     12.00      8.01     0.2095E+00     0.1607E-16     0.8797E-25     0.1607E-16     0.5050E+19     0.3874E+03     0.2120E-05     0.3874E+03     0.4673E+03
       1.      2042         1         1     12.00      8.03     0.2095E+00     0.1607E-16     0.8795E-25     0.1607E-16     0.5050E+19     0.3874E+03     0.2120E-05     0.3874E+03     0.4678E+03
       1.      2043         1         1     12.00      8.04     0.2095E+00     0.1607E-16     0.8793E-25     0.1607E-16     0.5050E+19     0.3874E+03     0.2119E-05     0.3874E+03     0.4683E+03
       1.      2044         1         1     12.00      8.06     0.2095E+00     0.1607E-16     0.8791E-25     0.1607E-16     0.5050E+19     0.3874E+03     0.2119E-05     0.3874E+03     0.4688E+03
       1.      2045         1         1     12.00      8.00     0.2095E+00     0.1607E-16     0.8791E-25     0.1607E-16     0.5050E+19     0.3874E+03     0.2119E-05     0.3874E+03     0.4693E+03
       1.      2046         1         1     12.00      8.02     0.2095E+00     0.1607E-16     0.8789E-25     0.1607E-16     0.5050E+19     0.3874E+03     0.2118E-05     0.3874E+03     0.4697E+03
       1.      2047         1         1     12.00      8.04     0.2095E+00     0.1607E-16     0.8787E-25     0.1607E-16     0.5050E+19     0.3874E+03     0.2118E-05     0.3874E+03     0.4701E+03
       1.      2048         1         1     12.00      8.06     0.2095E+00     0.1607E-16     0.8786E-25     0.1607E-16     0.5050E+19     0.3874E+03     0.2117E-05     0.3874E+03     0.4706E+03
       1.      2049         1         1     12.00      8.00     0.2095E+00     0.1607E-16     0.8785E-25     0.1607E-16     0.5050E+19     0.3874E+03     0.2117E-05     0.3874E+03     0.4710E+03
