15° latitude
0.15     albedo
04km altitude
   alt.[km]     year     month       day      hour  SZA[deg]         o2-vmr         ox-vmr          o-vmr         o3-vmr    [o2][cm^-3]   [ox][1/cm^3]    [o][1/cm^3]   [o3][1/cm^3]      topo3[DU]
       4.      2000         1         1     12.00     38.05     0.2098E+00     0.1417E-15     0.1869E-23     0.1417E-15     0.3630E+19     0.2451E+04     0.3233E-04     0.2451E+04     0.2748E+02
       4.      2001         1         1     12.00     37.99     0.2098E+00     0.2297E-15     0.2164E-23     0.2297E-15     0.3630E+19     0.3975E+04     0.3744E-04     0.3975E+04     0.3224E+03
       4.      2002         1         1     12.00     38.01     0.2098E+00     0.2297E-15     0.2127E-23     0.2297E-15     0.3630E+19     0.3975E+04     0.3680E-04     0.3975E+04     0.3524E+03
       4.      2003         1         1     12.00     38.03     0.2098E+00     0.2297E-15     0.2112E-23     0.2297E-15     0.3630E+19     0.3975E+04     0.3654E-04     0.3975E+04     0.3678E+03
       4.      2004         1         1     12.00     38.05     0.2098E+00     0.2297E-15     0.2102E-23     0.2297E-15     0.3630E+19     0.3975E+04     0.3637E-04     0.3975E+04     0.3782E+03
       4.      2005         1         1     12.00     37.99     0.2098E+00     0.2297E-15     0.2096E-23     0.2297E-15     0.3630E+19     0.3975E+04     0.3625E-04     0.3975E+04     0.3859E+03
       4.      2006         1         1     12.00     38.01     0.2098E+00     0.2297E-15     0.2089E-23     0.2297E-15     0.3630E+19     0.3975E+04     0.3615E-04     0.3975E+04     0.3921E+03
       4.      2007         1         1     12.00     38.03     0.2098E+00     0.2297E-15     0.2084E-23     0.2297E-15     0.3630E+19     0.3975E+04     0.3606E-04     0.3975E+04     0.3972E+03
       4.      2008         1         1     12.00     38.05     0.2098E+00     0.2297E-15     0.2080E-23     0.2297E-15     0.3630E+19     0.3975E+04     0.3599E-04     0.3975E+04     0.4014E+03
       4.      2009         1         1     12.00     37.99     0.2098E+00     0.2297E-15     0.2078E-23     0.2297E-15     0.3630E+19     0.3975E+04     0.3595E-04     0.3975E+04     0.4050E+03
       4.      2010         1         1     12.00     38.01     0.2098E+00     0.2297E-15     0.2075E-23     0.2297E-15     0.3630E+19     0.3975E+04     0.3590E-04     0.3975E+04     0.4082E+03
       4.      2011         1         1     12.00     38.03     0.2098E+00     0.2297E-15     0.2073E-23     0.2297E-15     0.3630E+19     0.3975E+04     0.3586E-04     0.3975E+04     0.4111E+03
       4.      2012         1         1     12.00     38.05     0.2098E+00     0.2297E-15     0.2070E-23     0.2297E-15     0.3630E+19     0.3975E+04     0.3581E-04     0.3975E+04     0.4137E+03
       4.      2013         1         1     12.00     37.99     0.2098E+00     0.2297E-15     0.2069E-23     0.2297E-15     0.3630E+19     0.3975E+04     0.3580E-04     0.3975E+04     0.4160E+03
       4.      2014         1         1     12.00     38.01     0.2098E+00     0.2297E-15     0.2067E-23     0.2297E-15     0.3630E+19     0.3975E+04     0.3576E-04     0.3975E+04     0.4182E+03
       4.      2015         1         1     12.00     38.03     0.2098E+00     0.2297E-15     0.2065E-23     0.2297E-15     0.3630E+19     0.3975E+04     0.3573E-04     0.3975E+04     0.4202E+03
       4.      2016         1         1     12.00     38.05     0.2098E+00     0.2297E-15     0.2063E-23     0.2297E-15     0.3630E+19     0.3975E+04     0.3570E-04     0.3975E+04     0.4220E+03
       4.      2017         1         1     12.00     37.98     0.2098E+00     0.2297E-15     0.2063E-23     0.2297E-15     0.3630E+19     0.3975E+04     0.3569E-04     0.3975E+04     0.4236E+03
       4.      2018         1         1     12.00     38.00     0.2098E+00     0.2297E-15     0.2061E-23     0.2297E-15     0.3630E+19     0.3975E+04     0.3566E-04     0.3975E+04     0.4252E+03
       4.      2019         1         1     12.00     38.02     0.2098E+00     0.2297E-15     0.2060E-23     0.2297E-15     0.3630E+19     0.3975E+04     0.3564E-04     0.3975E+04     0.4267E+03
       4.      2020         1         1     12.00     38.04     0.2098E+00     0.2297E-15     0.2058E-23     0.2297E-15     0.3630E+19     0.3975E+04     0.3561E-04     0.3975E+04     0.4281E+03
       4.      2021         1         1     12.00     37.98     0.2098E+00     0.2297E-15     0.2058E-23     0.2297E-15     0.3630E+19     0.3975E+04     0.3561E-04     0.3975E+04     0.4292E+03
       4.      2022         1         1     12.00     38.00     0.2098E+00     0.2297E-15     0.2057E-23     0.2297E-15     0.3630E+19     0.3975E+04     0.3559E-04     0.3975E+04     0.4305E+03
       4.      2023         1         1     12.00     38.02     0.2098E+00     0.2297E-15     0.2056E-23     0.2297E-15     0.3630E+19     0.3975E+04     0.3557E-04     0.3975E+04     0.4316E+03
       4.      2024         1         1     12.00     38.04     0.2098E+00     0.2297E-15     0.2055E-23     0.2297E-15     0.3630E+19     0.3975E+04     0.3555E-04     0.3975E+04     0.4327E+03
       4.      2025         1         1     12.00     37.98     0.2098E+00     0.2297E-15     0.2055E-23     0.2297E-15     0.3630E+19     0.3975E+04     0.3555E-04     0.3975E+04     0.4336E+03
       4.      2026         1         1     12.00     38.00     0.2098E+00     0.2297E-15     0.2054E-23     0.2297E-15     0.3630E+19     0.3975E+04     0.3553E-04     0.3975E+04     0.4346E+03
       4.      2027         1         1     12.00     38.02     0.2098E+00     0.2297E-15     0.2053E-23     0.2297E-15     0.3630E+19     0.3975E+04     0.3551E-04     0.3975E+04     0.4355E+03
       4.      2028         1         1     12.00     38.04     0.2098E+00     0.2297E-15     0.2052E-23     0.2297E-15     0.3630E+19     0.3975E+04     0.3549E-04     0.3975E+04     0.4364E+03
       4.      2029         1         1     12.00     37.98     0.2098E+00     0.2297E-15     0.2052E-23     0.2297E-15     0.3630E+19     0.3975E+04     0.3550E-04     0.3975E+04     0.4371E+03
       4.      2030         1         1     12.00     38.00     0.2098E+00     0.2297E-15     0.2051E-23     0.2297E-15     0.3630E+19     0.3975E+04     0.3548E-04     0.3975E+04     0.4379E+03
       4.      2031         1         1     12.00     38.02     0.2098E+00     0.2297E-15     0.2050E-23     0.2297E-15     0.3630E+19     0.3975E+04     0.3547E-04     0.3975E+04     0.4387E+03
       4.      2032         1         1     12.00     38.04     0.2098E+00     0.2297E-15     0.2049E-23     0.2297E-15     0.3630E+19     0.3975E+04     0.3545E-04     0.3975E+04     0.4394E+03
       4.      2033         1         1     12.00     37.97     0.2098E+00     0.2297E-15     0.2050E-23     0.2297E-15     0.3630E+19     0.3975E+04     0.3546E-04     0.3975E+04     0.4400E+03
       4.      2034         1         1     12.00     37.99     0.2098E+00     0.2297E-15     0.2049E-23     0.2297E-15     0.3630E+19     0.3975E+04     0.3544E-04     0.3975E+04     0.4407E+03
       4.      2035         1         1     12.00     38.01     0.2098E+00     0.2297E-15     0.2048E-23     0.2297E-15     0.3630E+19     0.3975E+04     0.3543E-04     0.3975E+04     0.4414E+03
       4.      2036         1         1     12.00     38.03     0.2098E+00     0.2297E-15     0.2047E-23     0.2297E-15     0.3630E+19     0.3975E+04     0.3542E-04     0.3975E+04     0.4420E+03
       4.      2037         1         1     12.00     37.97     0.2098E+00     0.2297E-15     0.2048E-23     0.2297E-15     0.3630E+19     0.3975E+04     0.3542E-04     0.3975E+04     0.4425E+03
       4.      2038         1         1     12.00     37.99     0.2098E+00     0.2297E-15     0.2047E-23     0.2297E-15     0.3630E+19     0.3975E+04     0.3541E-04     0.3975E+04     0.4431E+03
       4.      2039         1         1     12.00     38.01     0.2098E+00     0.2297E-15     0.2046E-23     0.2297E-15     0.3630E+19     0.3975E+04     0.3540E-04     0.3975E+04     0.4437E+03
       4.      2040         1         1     12.00     38.03     0.2098E+00     0.2297E-15     0.2045E-23     0.2297E-15     0.3630E+19     0.3975E+04     0.3538E-04     0.3975E+04     0.4443E+03
       4.      2041         1         1     12.00     37.97     0.2098E+00     0.2297E-15     0.2046E-23     0.2297E-15     0.3630E+19     0.3975E+04     0.3539E-04     0.3975E+04     0.4447E+03
       4.      2042         1         1     12.00     37.99     0.2098E+00     0.2297E-15     0.2045E-23     0.2297E-15     0.3630E+19     0.3975E+04     0.3538E-04     0.3975E+04     0.4453E+03
       4.      2043         1         1     12.00     38.01     0.2098E+00     0.2297E-15     0.2044E-23     0.2297E-15     0.3630E+19     0.3975E+04     0.3537E-04     0.3975E+04     0.4458E+03
       4.      2044         1         1     12.00     38.03     0.2098E+00     0.2297E-15     0.2044E-23     0.2297E-15     0.3630E+19     0.3975E+04     0.3536E-04     0.3975E+04     0.4463E+03
       4.      2045         1         1     12.00     37.97     0.2098E+00     0.2297E-15     0.2044E-23     0.2297E-15     0.3630E+19     0.3975E+04     0.3537E-04     0.3975E+04     0.4467E+03
       4.      2046         1         1     12.00     37.99     0.2098E+00     0.2297E-15     0.2044E-23     0.2297E-15     0.3630E+19     0.3975E+04     0.3535E-04     0.3975E+04     0.4472E+03
       4.      2047         1         1     12.00     38.01     0.2098E+00     0.2297E-15     0.2043E-23     0.2297E-15     0.3630E+19     0.3975E+04     0.3534E-04     0.3975E+04     0.4477E+03
       4.      2048         1         1     12.00     38.03     0.2098E+00     0.2297E-15     0.2042E-23     0.2297E-15     0.3630E+19     0.3975E+04     0.3533E-04     0.3975E+04     0.4482E+03
       4.      2049         1         1     12.00     37.96     0.2098E+00     0.2297E-15     0.2043E-23     0.2297E-15     0.3630E+19     0.3975E+04     0.3534E-04     0.3975E+04     0.4485E+03
