15° latitude
0.15     albedo
01km altitude
   alt.[km]     year     month       day      hour  SZA[deg]         o2-vmr         ox-vmr          o-vmr         o3-vmr    [o2][cm^-3]   [ox][1/cm^3]    [o][1/cm^3]   [o3][1/cm^3]      topo3[DU]
       1.      2000         1         1     12.00     38.05     0.2095E+00     0.0000E+00     0.0000E+00     0.0000E+00     0.5050E+19     0.0000E+00     0.0000E+00     0.0000E+00     0.2748E+02
       1.      2001         1         1     12.00     37.99     0.2095E+00     0.0000E+00     0.0000E+00     0.0000E+00     0.5050E+19     0.0000E+00     0.0000E+00     0.0000E+00     0.3224E+03
       1.      2002         1         1     12.00     38.01     0.2095E+00     0.0000E+00     0.0000E+00     0.0000E+00     0.5050E+19     0.0000E+00     0.0000E+00     0.0000E+00     0.3524E+03
       1.      2003         1         1     12.00     38.03     0.2095E+00     0.0000E+00     0.0000E+00     0.0000E+00     0.5050E+19     0.0000E+00     0.0000E+00     0.0000E+00     0.3678E+03
       1.      2004         1         1     12.00     38.05     0.2095E+00     0.0000E+00     0.0000E+00     0.0000E+00     0.5050E+19     0.0000E+00     0.0000E+00     0.0000E+00     0.3782E+03
       1.      2005         1         1     12.00     37.99     0.2095E+00     0.0000E+00     0.0000E+00     0.0000E+00     0.5050E+19     0.0000E+00     0.0000E+00     0.0000E+00     0.3859E+03
       1.      2006         1         1     12.00     38.01     0.2095E+00     0.0000E+00     0.0000E+00     0.0000E+00     0.5050E+19     0.0000E+00     0.0000E+00     0.0000E+00     0.3921E+03
       1.      2007         1         1     12.00     38.03     0.2095E+00     0.0000E+00     0.0000E+00     0.0000E+00     0.5050E+19     0.0000E+00     0.0000E+00     0.0000E+00     0.3972E+03
       1.      2008         1         1     12.00     38.05     0.2095E+00     0.0000E+00     0.0000E+00     0.0000E+00     0.5050E+19     0.0000E+00     0.0000E+00     0.0000E+00     0.4014E+03
       1.      2009         1         1     12.00     37.99     0.2095E+00     0.0000E+00     0.0000E+00     0.0000E+00     0.5050E+19     0.0000E+00     0.0000E+00     0.0000E+00     0.4050E+03
       1.      2010         1         1     12.00     38.01     0.2095E+00     0.0000E+00     0.0000E+00     0.0000E+00     0.5050E+19     0.0000E+00     0.0000E+00     0.0000E+00     0.4082E+03
       1.      2011         1         1     12.00     38.03     0.2095E+00     0.0000E+00     0.0000E+00     0.0000E+00     0.5050E+19     0.0000E+00     0.0000E+00     0.0000E+00     0.4111E+03
       1.      2012         1         1     12.00     38.05     0.2095E+00     0.0000E+00     0.0000E+00     0.0000E+00     0.5050E+19     0.0000E+00     0.0000E+00     0.0000E+00     0.4137E+03
       1.      2013         1         1     12.00     37.99     0.2095E+00     0.0000E+00     0.0000E+00     0.0000E+00     0.5050E+19     0.0000E+00     0.0000E+00     0.0000E+00     0.4160E+03
       1.      2014         1         1     12.00     38.01     0.2095E+00     0.0000E+00     0.0000E+00     0.0000E+00     0.5050E+19     0.0000E+00     0.0000E+00     0.0000E+00     0.4182E+03
       1.      2015         1         1     12.00     38.03     0.2095E+00     0.0000E+00     0.0000E+00     0.0000E+00     0.5050E+19     0.0000E+00     0.0000E+00     0.0000E+00     0.4202E+03
       1.      2016         1         1     12.00     38.05     0.2095E+00     0.0000E+00     0.0000E+00     0.0000E+00     0.5050E+19     0.0000E+00     0.0000E+00     0.0000E+00     0.4220E+03
       1.      2017         1         1     12.00     37.98     0.2095E+00     0.0000E+00     0.0000E+00     0.0000E+00     0.5050E+19     0.0000E+00     0.0000E+00     0.0000E+00     0.4236E+03
       1.      2018         1         1     12.00     38.00     0.2095E+00     0.0000E+00     0.0000E+00     0.0000E+00     0.5050E+19     0.0000E+00     0.0000E+00     0.0000E+00     0.4252E+03
       1.      2019         1         1     12.00     38.02     0.2095E+00     0.0000E+00     0.0000E+00     0.0000E+00     0.5050E+19     0.0000E+00     0.0000E+00     0.0000E+00     0.4267E+03
       1.      2020         1         1     12.00     38.04     0.2095E+00     0.0000E+00     0.0000E+00     0.0000E+00     0.5050E+19     0.0000E+00     0.0000E+00     0.0000E+00     0.4281E+03
       1.      2021         1         1     12.00     37.98     0.2095E+00     0.0000E+00     0.0000E+00     0.0000E+00     0.5050E+19     0.0000E+00     0.0000E+00     0.0000E+00     0.4292E+03
       1.      2022         1         1     12.00     38.00     0.2095E+00     0.0000E+00     0.0000E+00     0.0000E+00     0.5050E+19     0.0000E+00     0.0000E+00     0.0000E+00     0.4305E+03
       1.      2023         1         1     12.00     38.02     0.2095E+00     0.0000E+00     0.0000E+00     0.0000E+00     0.5050E+19     0.0000E+00     0.0000E+00     0.0000E+00     0.4316E+03
       1.      2024         1         1     12.00     38.04     0.2095E+00     0.0000E+00     0.0000E+00     0.0000E+00     0.5050E+19     0.0000E+00     0.0000E+00     0.0000E+00     0.4327E+03
       1.      2025         1         1     12.00     37.98     0.2095E+00     0.0000E+00     0.0000E+00     0.0000E+00     0.5050E+19     0.0000E+00     0.0000E+00     0.0000E+00     0.4336E+03
       1.      2026         1         1     12.00     38.00     0.2095E+00     0.0000E+00     0.0000E+00     0.0000E+00     0.5050E+19     0.0000E+00     0.0000E+00     0.0000E+00     0.4346E+03
       1.      2027         1         1     12.00     38.02     0.2095E+00     0.0000E+00     0.0000E+00     0.0000E+00     0.5050E+19     0.0000E+00     0.0000E+00     0.0000E+00     0.4355E+03
       1.      2028         1         1     12.00     38.04     0.2095E+00     0.0000E+00     0.0000E+00     0.0000E+00     0.5050E+19     0.0000E+00     0.0000E+00     0.0000E+00     0.4364E+03
       1.      2029         1         1     12.00     37.98     0.2095E+00     0.0000E+00     0.0000E+00     0.0000E+00     0.5050E+19     0.0000E+00     0.0000E+00     0.0000E+00     0.4371E+03
       1.      2030         1         1     12.00     38.00     0.2095E+00     0.0000E+00     0.0000E+00     0.0000E+00     0.5050E+19     0.0000E+00     0.0000E+00     0.0000E+00     0.4379E+03
       1.      2031         1         1     12.00     38.02     0.2095E+00     0.0000E+00     0.0000E+00     0.0000E+00     0.5050E+19     0.0000E+00     0.0000E+00     0.0000E+00     0.4387E+03
       1.      2032         1         1     12.00     38.04     0.2095E+00     0.0000E+00     0.0000E+00     0.0000E+00     0.5050E+19     0.0000E+00     0.0000E+00     0.0000E+00     0.4394E+03
       1.      2033         1         1     12.00     37.97     0.2095E+00     0.0000E+00     0.0000E+00     0.0000E+00     0.5050E+19     0.0000E+00     0.0000E+00     0.0000E+00     0.4400E+03
       1.      2034         1         1     12.00     37.99     0.2095E+00     0.0000E+00     0.0000E+00     0.0000E+00     0.5050E+19     0.0000E+00     0.0000E+00     0.0000E+00     0.4407E+03
       1.      2035         1         1     12.00     38.01     0.2095E+00     0.0000E+00     0.0000E+00     0.0000E+00     0.5050E+19     0.0000E+00     0.0000E+00     0.0000E+00     0.4414E+03
       1.      2036         1         1     12.00     38.03     0.2095E+00     0.0000E+00     0.0000E+00     0.0000E+00     0.5050E+19     0.0000E+00     0.0000E+00     0.0000E+00     0.4420E+03
       1.      2037         1         1     12.00     37.97     0.2095E+00     0.0000E+00     0.0000E+00     0.0000E+00     0.5050E+19     0.0000E+00     0.0000E+00     0.0000E+00     0.4425E+03
       1.      2038         1         1     12.00     37.99     0.2095E+00     0.0000E+00     0.0000E+00     0.0000E+00     0.5050E+19     0.0000E+00     0.0000E+00     0.0000E+00     0.4431E+03
       1.      2039         1         1     12.00     38.01     0.2095E+00     0.0000E+00     0.0000E+00     0.0000E+00     0.5050E+19     0.0000E+00     0.0000E+00     0.0000E+00     0.4437E+03
       1.      2040         1         1     12.00     38.03     0.2095E+00     0.0000E+00     0.0000E+00     0.0000E+00     0.5050E+19     0.0000E+00     0.0000E+00     0.0000E+00     0.4443E+03
       1.      2041         1         1     12.00     37.97     0.2095E+00     0.0000E+00     0.0000E+00     0.0000E+00     0.5050E+19     0.0000E+00     0.0000E+00     0.0000E+00     0.4447E+03
       1.      2042         1         1     12.00     37.99     0.2095E+00     0.0000E+00     0.0000E+00     0.0000E+00     0.5050E+19     0.0000E+00     0.0000E+00     0.0000E+00     0.4453E+03
       1.      2043         1         1     12.00     38.01     0.2095E+00     0.0000E+00     0.0000E+00     0.0000E+00     0.5050E+19     0.0000E+00     0.0000E+00     0.0000E+00     0.4458E+03
       1.      2044         1         1     12.00     38.03     0.2095E+00     0.0000E+00     0.0000E+00     0.0000E+00     0.5050E+19     0.0000E+00     0.0000E+00     0.0000E+00     0.4463E+03
       1.      2045         1         1     12.00     37.97     0.2095E+00     0.0000E+00     0.0000E+00     0.0000E+00     0.5050E+19     0.0000E+00     0.0000E+00     0.0000E+00     0.4467E+03
       1.      2046         1         1     12.00     37.99     0.2095E+00     0.0000E+00     0.0000E+00     0.0000E+00     0.5050E+19     0.0000E+00     0.0000E+00     0.0000E+00     0.4472E+03
       1.      2047         1         1     12.00     38.01     0.2095E+00     0.0000E+00     0.0000E+00     0.0000E+00     0.5050E+19     0.0000E+00     0.0000E+00     0.0000E+00     0.4477E+03
       1.      2048         1         1     12.00     38.03     0.2095E+00     0.0000E+00     0.0000E+00     0.0000E+00     0.5050E+19     0.0000E+00     0.0000E+00     0.0000E+00     0.4482E+03
       1.      2049         1         1     12.00     37.96     0.2095E+00     0.0000E+00     0.0000E+00     0.0000E+00     0.5050E+19     0.0000E+00     0.0000E+00     0.0000E+00     0.4485E+03
