-15° latitude
0.12     albedo
40km altitude
   alt.[km]     year     month       day      hour  SZA[deg]         o2-vmr         ox-vmr          o-vmr         o3-vmr    [o2][cm^-3]   [ox][1/cm^3]    [o][1/cm^3]   [o3][1/cm^3]      topo3[DU]
      40.      2000         1         1     12.00      8.08     0.2096E+00     0.3522E-05     0.9585E-08     0.3513E-05     0.1700E+17     0.2857E+12     0.7774E+09     0.2849E+12     0.9519E+01
      40.      2001         1         1     12.00      8.03     0.2096E+00     0.1047E-04     0.1644E-07     0.1045E-04     0.1700E+17     0.8488E+12     0.1333E+10     0.8475E+12     0.1776E+02
      40.      2002         1         1     12.00      8.05     0.2096E+00     0.1047E-04     0.1644E-07     0.1045E-04     0.1700E+17     0.8489E+12     0.1333E+10     0.8475E+12     0.1776E+02
      40.      2003         1         1     12.00      8.07     0.2096E+00     0.1047E-04     0.1644E-07     0.1045E-04     0.1700E+17     0.8489E+12     0.1333E+10     0.8475E+12     0.1776E+02
      40.      2004         1         1     12.00      8.08     0.2096E+00     0.1047E-04     0.1644E-07     0.1045E-04     0.1700E+17     0.8489E+12     0.1333E+10     0.8475E+12     0.1776E+02
      40.      2005         1         1     12.00      8.03     0.2096E+00     0.1047E-04     0.1644E-07     0.1045E-04     0.1700E+17     0.8488E+12     0.1333E+10     0.8475E+12     0.1776E+02
      40.      2006         1         1     12.00      8.05     0.2096E+00     0.1047E-04     0.1644E-07     0.1045E-04     0.1700E+17     0.8489E+12     0.1333E+10     0.8475E+12     0.1776E+02
      40.      2007         1         1     12.00      8.06     0.2096E+00     0.1047E-04     0.1644E-07     0.1045E-04     0.1700E+17     0.8489E+12     0.1333E+10     0.8475E+12     0.1776E+02
      40.      2008         1         1     12.00      8.08     0.2096E+00     0.1047E-04     0.1644E-07     0.1045E-04     0.1700E+17     0.8489E+12     0.1333E+10     0.8475E+12     0.1776E+02
      40.      2009         1         1     12.00      8.03     0.2096E+00     0.1047E-04     0.1644E-07     0.1045E-04     0.1700E+17     0.8488E+12     0.1333E+10     0.8475E+12     0.1776E+02
      40.      2010         1         1     12.00      8.04     0.2096E+00     0.1047E-04     0.1644E-07     0.1045E-04     0.1700E+17     0.8489E+12     0.1333E+10     0.8475E+12     0.1776E+02
      40.      2011         1         1     12.00      8.06     0.2096E+00     0.1047E-04     0.1644E-07     0.1045E-04     0.1700E+17     0.8489E+12     0.1333E+10     0.8475E+12     0.1776E+02
      40.      2012         1         1     12.00      8.08     0.2096E+00     0.1047E-04     0.1644E-07     0.1045E-04     0.1700E+17     0.8489E+12     0.1333E+10     0.8475E+12     0.1776E+02
      40.      2013         1         1     12.00      8.02     0.2096E+00     0.1047E-04     0.1644E-07     0.1045E-04     0.1700E+17     0.8488E+12     0.1333E+10     0.8475E+12     0.1776E+02
      40.      2014         1         1     12.00      8.04     0.2096E+00     0.1047E-04     0.1644E-07     0.1045E-04     0.1700E+17     0.8489E+12     0.1333E+10     0.8475E+12     0.1776E+02
      40.      2015         1         1     12.00      8.06     0.2096E+00     0.1047E-04     0.1644E-07     0.1045E-04     0.1700E+17     0.8489E+12     0.1333E+10     0.8475E+12     0.1776E+02
      40.      2016         1         1     12.00      8.08     0.2096E+00     0.1047E-04     0.1644E-07     0.1045E-04     0.1700E+17     0.8489E+12     0.1333E+10     0.8475E+12     0.1776E+02
      40.      2017         1         1     12.00      8.02     0.2096E+00     0.1047E-04     0.1644E-07     0.1045E-04     0.1700E+17     0.8488E+12     0.1333E+10     0.8475E+12     0.1776E+02
      40.      2018         1         1     12.00      8.04     0.2096E+00     0.1047E-04     0.1644E-07     0.1045E-04     0.1700E+17     0.8489E+12     0.1333E+10     0.8475E+12     0.1776E+02
      40.      2019         1         1     12.00      8.06     0.2096E+00     0.1047E-04     0.1644E-07     0.1045E-04     0.1700E+17     0.8489E+12     0.1333E+10     0.8475E+12     0.1776E+02
      40.      2020         1         1     12.00      8.07     0.2096E+00     0.1047E-04     0.1644E-07     0.1045E-04     0.1700E+17     0.8489E+12     0.1333E+10     0.8475E+12     0.1776E+02
      40.      2021         1         1     12.00      8.02     0.2096E+00     0.1047E-04     0.1644E-07     0.1045E-04     0.1700E+17     0.8488E+12     0.1333E+10     0.8475E+12     0.1776E+02
      40.      2022         1         1     12.00      8.04     0.2096E+00     0.1047E-04     0.1644E-07     0.1045E-04     0.1700E+17     0.8489E+12     0.1333E+10     0.8475E+12     0.1776E+02
      40.      2023         1         1     12.00      8.05     0.2096E+00     0.1047E-04     0.1644E-07     0.1045E-04     0.1700E+17     0.8489E+12     0.1333E+10     0.8475E+12     0.1776E+02
      40.      2024         1         1     12.00      8.07     0.2096E+00     0.1047E-04     0.1644E-07     0.1045E-04     0.1700E+17     0.8489E+12     0.1333E+10     0.8475E+12     0.1776E+02
      40.      2025         1         1     12.00      8.02     0.2096E+00     0.1047E-04     0.1644E-07     0.1045E-04     0.1700E+17     0.8488E+12     0.1333E+10     0.8475E+12     0.1776E+02
      40.      2026         1         1     12.00      8.03     0.2096E+00     0.1047E-04     0.1644E-07     0.1045E-04     0.1700E+17     0.8489E+12     0.1333E+10     0.8475E+12     0.1776E+02
      40.      2027         1         1     12.00      8.05     0.2096E+00     0.1047E-04     0.1644E-07     0.1045E-04     0.1700E+17     0.8489E+12     0.1333E+10     0.8475E+12     0.1776E+02
      40.      2028         1         1     12.00      8.07     0.2096E+00     0.1047E-04     0.1644E-07     0.1045E-04     0.1700E+17     0.8489E+12     0.1333E+10     0.8475E+12     0.1776E+02
      40.      2029         1         1     12.00      8.01     0.2096E+00     0.1047E-04     0.1644E-07     0.1045E-04     0.1700E+17     0.8488E+12     0.1333E+10     0.8475E+12     0.1776E+02
      40.      2030         1         1     12.00      8.03     0.2096E+00     0.1047E-04     0.1644E-07     0.1045E-04     0.1700E+17     0.8489E+12     0.1333E+10     0.8475E+12     0.1776E+02
      40.      2031         1         1     12.00      8.05     0.2096E+00     0.1047E-04     0.1644E-07     0.1045E-04     0.1700E+17     0.8489E+12     0.1333E+10     0.8475E+12     0.1776E+02
      40.      2032         1         1     12.00      8.07     0.2096E+00     0.1047E-04     0.1644E-07     0.1045E-04     0.1700E+17     0.8489E+12     0.1333E+10     0.8475E+12     0.1776E+02
      40.      2033         1         1     12.00      8.01     0.2096E+00     0.1047E-04     0.1644E-07     0.1045E-04     0.1700E+17     0.8488E+12     0.1333E+10     0.8475E+12     0.1776E+02
      40.      2034         1         1     12.00      8.03     0.2096E+00     0.1047E-04     0.1644E-07     0.1045E-04     0.1700E+17     0.8489E+12     0.1333E+10     0.8475E+12     0.1776E+02
      40.      2035         1         1     12.00      8.05     0.2096E+00     0.1047E-04     0.1644E-07     0.1045E-04     0.1700E+17     0.8489E+12     0.1333E+10     0.8475E+12     0.1776E+02
      40.      2036         1         1     12.00      8.06     0.2096E+00     0.1047E-04     0.1644E-07     0.1045E-04     0.1700E+17     0.8489E+12     0.1333E+10     0.8475E+12     0.1776E+02
      40.      2037         1         1     12.00      8.01     0.2096E+00     0.1047E-04     0.1644E-07     0.1045E-04     0.1700E+17     0.8488E+12     0.1333E+10     0.8475E+12     0.1776E+02
      40.      2038         1         1     12.00      8.03     0.2096E+00     0.1047E-04     0.1644E-07     0.1045E-04     0.1700E+17     0.8489E+12     0.1333E+10     0.8475E+12     0.1776E+02
      40.      2039         1         1     12.00      8.05     0.2096E+00     0.1047E-04     0.1644E-07     0.1045E-04     0.1700E+17     0.8489E+12     0.1333E+10     0.8475E+12     0.1776E+02
      40.      2040         1         1     12.00      8.06     0.2096E+00     0.1047E-04     0.1644E-07     0.1045E-04     0.1700E+17     0.8489E+12     0.1333E+10     0.8475E+12     0.1776E+02
      40.      2041         1         1     12.00      8.01     0.2096E+00     0.1047E-04     0.1644E-07     0.1045E-04     0.1700E+17     0.8488E+12     0.1333E+10     0.8475E+12     0.1776E+02
      40.      2042         1         1     12.00      8.03     0.2096E+00     0.1047E-04     0.1644E-07     0.1045E-04     0.1700E+17     0.8489E+12     0.1333E+10     0.8475E+12     0.1776E+02
      40.      2043         1         1     12.00      8.04     0.2096E+00     0.1047E-04     0.1644E-07     0.1045E-04     0.1700E+17     0.8489E+12     0.1333E+10     0.8475E+12     0.1776E+02
      40.      2044         1         1     12.00      8.06     0.2096E+00     0.1047E-04     0.1644E-07     0.1045E-04     0.1700E+17     0.8489E+12     0.1333E+10     0.8475E+12     0.1776E+02
      40.      2045         1         1     12.00      8.00     0.2096E+00     0.1047E-04     0.1644E-07     0.1045E-04     0.1700E+17     0.8488E+12     0.1333E+10     0.8475E+12     0.1776E+02
      40.      2046         1         1     12.00      8.02     0.2096E+00     0.1047E-04     0.1644E-07     0.1045E-04     0.1700E+17     0.8489E+12     0.1333E+10     0.8475E+12     0.1776E+02
      40.      2047         1         1     12.00      8.04     0.2096E+00     0.1047E-04     0.1644E-07     0.1045E-04     0.1700E+17     0.8489E+12     0.1333E+10     0.8475E+12     0.1776E+02
      40.      2048         1         1     12.00      8.06     0.2096E+00     0.1047E-04     0.1644E-07     0.1045E-04     0.1700E+17     0.8489E+12     0.1333E+10     0.8475E+12     0.1776E+02
      40.      2049         1         1     12.00      8.00     0.2096E+00     0.1047E-04     0.1644E-07     0.1045E-04     0.1700E+17     0.8488E+12     0.1333E+10     0.8475E+12     0.1776E+02
