30° latitude
0.18     albedo
16km altitude
   alt.[km]     year     month       day      hour  SZA[deg]         o2-vmr         ox-vmr          o-vmr         o3-vmr    [o2][cm^-3]   [ox][1/cm^3]    [o][1/cm^3]   [o3][1/cm^3]      topo3[DU]
      16.      2000         1         1     12.00     53.05     0.2098E+00     0.2000E-08     0.4711E-15     0.2000E-08     0.6880E+18     0.6559E+10     0.1545E+04     0.6559E+10     0.1917E+02
      16.      2001         1         1     12.00     52.99     0.2098E+00     0.1472E-06     0.2462E-13     0.1472E-06     0.6880E+18     0.4827E+12     0.8075E+05     0.4827E+12     0.2766E+03
      16.      2002         1         1     12.00     53.01     0.2098E+00     0.1978E-06     0.3247E-13     0.1978E-06     0.6880E+18     0.6488E+12     0.1065E+06     0.6488E+12     0.3054E+03
      16.      2003         1         1     12.00     53.03     0.2098E+00     0.2361E-06     0.3845E-13     0.2361E-06     0.6880E+18     0.7745E+12     0.1261E+06     0.7745E+12     0.3197E+03
      16.      2004         1         1     12.00     53.05     0.2098E+00     0.2688E-06     0.4354E-13     0.2688E-06     0.6880E+18     0.8816E+12     0.1428E+06     0.8816E+12     0.3292E+03
      16.      2005         1         1     12.00     52.99     0.2098E+00     0.2979E-06     0.4811E-13     0.2979E-06     0.6880E+18     0.9772E+12     0.1578E+06     0.9772E+12     0.3361E+03
      16.      2006         1         1     12.00     53.01     0.2098E+00     0.3246E-06     0.5226E-13     0.3246E-06     0.6880E+18     0.1065E+13     0.1714E+06     0.1065E+13     0.3416E+03
      16.      2007         1         1     12.00     53.03     0.2098E+00     0.3495E-06     0.5613E-13     0.3495E-06     0.6880E+18     0.1146E+13     0.1841E+06     0.1146E+13     0.3460E+03
      16.      2008         1         1     12.00     53.05     0.2098E+00     0.3730E-06     0.5977E-13     0.3730E-06     0.6880E+18     0.1223E+13     0.1961E+06     0.1223E+13     0.3497E+03
      16.      2009         1         1     12.00     52.99     0.2098E+00     0.3953E-06     0.6330E-13     0.3953E-06     0.6880E+18     0.1297E+13     0.2076E+06     0.1297E+13     0.3526E+03
      16.      2010         1         1     12.00     53.01     0.2098E+00     0.4166E-06     0.6662E-13     0.4166E-06     0.6880E+18     0.1367E+13     0.2185E+06     0.1367E+13     0.3553E+03
      16.      2011         1         1     12.00     53.03     0.2098E+00     0.4371E-06     0.6981E-13     0.4371E-06     0.6880E+18     0.1434E+13     0.2290E+06     0.1434E+13     0.3577E+03
      16.      2012         1         1     12.00     53.05     0.2098E+00     0.4569E-06     0.7288E-13     0.4569E-06     0.6880E+18     0.1499E+13     0.2390E+06     0.1499E+13     0.3598E+03
      16.      2013         1         1     12.00     52.98     0.2098E+00     0.4760E-06     0.7590E-13     0.4760E-06     0.6880E+18     0.1561E+13     0.2490E+06     0.1561E+13     0.3615E+03
      16.      2014         1         1     12.00     53.00     0.2098E+00     0.4944E-06     0.7878E-13     0.4944E-06     0.6880E+18     0.1622E+13     0.2584E+06     0.1622E+13     0.3632E+03
      16.      2015         1         1     12.00     53.02     0.2098E+00     0.5124E-06     0.8156E-13     0.5124E-06     0.6880E+18     0.1681E+13     0.2675E+06     0.1681E+13     0.3648E+03
      16.      2016         1         1     12.00     53.04     0.2098E+00     0.5298E-06     0.8427E-13     0.5298E-06     0.6880E+18     0.1738E+13     0.2764E+06     0.1738E+13     0.3662E+03
      16.      2017         1         1     12.00     52.98     0.2098E+00     0.5468E-06     0.8698E-13     0.5468E-06     0.6880E+18     0.1794E+13     0.2853E+06     0.1794E+13     0.3673E+03
      16.      2018         1         1     12.00     53.00     0.2098E+00     0.5634E-06     0.8955E-13     0.5634E-06     0.6880E+18     0.1848E+13     0.2937E+06     0.1848E+13     0.3686E+03
      16.      2019         1         1     12.00     53.02     0.2098E+00     0.5795E-06     0.9205E-13     0.5795E-06     0.6880E+18     0.1901E+13     0.3019E+06     0.1901E+13     0.3697E+03
      16.      2020         1         1     12.00     53.04     0.2098E+00     0.5953E-06     0.9450E-13     0.5953E-06     0.6880E+18     0.1953E+13     0.3100E+06     0.1953E+13     0.3707E+03
      16.      2021         1         1     12.00     52.98     0.2098E+00     0.6108E-06     0.9697E-13     0.6108E-06     0.6880E+18     0.2003E+13     0.3181E+06     0.2003E+13     0.3714E+03
      16.      2022         1         1     12.00     53.00     0.2098E+00     0.6259E-06     0.9931E-13     0.6259E-06     0.6880E+18     0.2053E+13     0.3257E+06     0.2053E+13     0.3723E+03
      16.      2023         1         1     12.00     53.02     0.2098E+00     0.6406E-06     0.1016E-12     0.6406E-06     0.6880E+18     0.2101E+13     0.3333E+06     0.2101E+13     0.3731E+03
      16.      2024         1         1     12.00     53.04     0.2098E+00     0.6551E-06     0.1038E-12     0.6551E-06     0.6880E+18     0.2149E+13     0.3406E+06     0.2149E+13     0.3739E+03
      16.      2025         1         1     12.00     52.98     0.2098E+00     0.6693E-06     0.1061E-12     0.6693E-06     0.6880E+18     0.2195E+13     0.3481E+06     0.2195E+13     0.3743E+03
      16.      2026         1         1     12.00     53.00     0.2098E+00     0.6832E-06     0.1083E-12     0.6832E-06     0.6880E+18     0.2241E+13     0.3552E+06     0.2241E+13     0.3750E+03
      16.      2027         1         1     12.00     53.02     0.2098E+00     0.6969E-06     0.1104E-12     0.6969E-06     0.6880E+18     0.2286E+13     0.3621E+06     0.2286E+13     0.3756E+03
      16.      2028         1         1     12.00     53.04     0.2098E+00     0.7103E-06     0.1125E-12     0.7103E-06     0.6880E+18     0.2330E+13     0.3689E+06     0.2330E+13     0.3762E+03
      16.      2029         1         1     12.00     52.97     0.2098E+00     0.7234E-06     0.1146E-12     0.7234E-06     0.6880E+18     0.2373E+13     0.3759E+06     0.2373E+13     0.3765E+03
      16.      2030         1         1     12.00     52.99     0.2098E+00     0.7363E-06     0.1166E-12     0.7363E-06     0.6880E+18     0.2415E+13     0.3824E+06     0.2415E+13     0.3770E+03
      16.      2031         1         1     12.00     53.01     0.2098E+00     0.7490E-06     0.1186E-12     0.7490E-06     0.6880E+18     0.2457E+13     0.3889E+06     0.2457E+13     0.3775E+03
      16.      2032         1         1     12.00     53.03     0.2098E+00     0.7614E-06     0.1205E-12     0.7614E-06     0.6880E+18     0.2498E+13     0.3952E+06     0.2498E+13     0.3779E+03
      16.      2033         1         1     12.00     52.97     0.2098E+00     0.7737E-06     0.1225E-12     0.7737E-06     0.6880E+18     0.2538E+13     0.4017E+06     0.2538E+13     0.3782E+03
      16.      2034         1         1     12.00     52.99     0.2098E+00     0.7857E-06     0.1243E-12     0.7857E-06     0.6880E+18     0.2577E+13     0.4078E+06     0.2577E+13     0.3786E+03
      16.      2035         1         1     12.00     53.01     0.2098E+00     0.7975E-06     0.1261E-12     0.7975E-06     0.6880E+18     0.2616E+13     0.4138E+06     0.2616E+13     0.3790E+03
      16.      2036         1         1     12.00     53.03     0.2098E+00     0.8091E-06     0.1279E-12     0.8091E-06     0.6880E+18     0.2654E+13     0.4196E+06     0.2654E+13     0.3793E+03
      16.      2037         1         1     12.00     52.97     0.2098E+00     0.8205E-06     0.1298E-12     0.8205E-06     0.6880E+18     0.2691E+13     0.4258E+06     0.2691E+13     0.3795E+03
      16.      2038         1         1     12.00     52.99     0.2098E+00     0.8317E-06     0.1315E-12     0.8317E-06     0.6880E+18     0.2728E+13     0.4314E+06     0.2728E+13     0.3798E+03
      16.      2039         1         1     12.00     53.01     0.2098E+00     0.8427E-06     0.1332E-12     0.8427E-06     0.6880E+18     0.2764E+13     0.4370E+06     0.2764E+13     0.3801E+03
      16.      2040         1         1     12.00     53.03     0.2098E+00     0.8535E-06     0.1349E-12     0.8535E-06     0.6880E+18     0.2799E+13     0.4425E+06     0.2799E+13     0.3805E+03
      16.      2041         1         1     12.00     52.97     0.2098E+00     0.8641E-06     0.1366E-12     0.8641E-06     0.6880E+18     0.2834E+13     0.4482E+06     0.2834E+13     0.3806E+03
      16.      2042         1         1     12.00     52.99     0.2098E+00     0.8745E-06     0.1383E-12     0.8745E-06     0.6880E+18     0.2868E+13     0.4535E+06     0.2868E+13     0.3809E+03
      16.      2043         1         1     12.00     53.01     0.2098E+00     0.8848E-06     0.1398E-12     0.8848E-06     0.6880E+18     0.2902E+13     0.4586E+06     0.2902E+13     0.3811E+03
      16.      2044         1         1     12.00     53.03     0.2098E+00     0.8949E-06     0.1414E-12     0.8949E-06     0.6880E+18     0.2935E+13     0.4637E+06     0.2935E+13     0.3814E+03
      16.      2045         1         1     12.00     52.96     0.2098E+00     0.9048E-06     0.1430E-12     0.9048E-06     0.6880E+18     0.2968E+13     0.4691E+06     0.2968E+13     0.3815E+03
      16.      2046         1         1     12.00     52.98     0.2098E+00     0.9145E-06     0.1445E-12     0.9145E-06     0.6880E+18     0.3000E+13     0.4740E+06     0.3000E+13     0.3817E+03
      16.      2047         1         1     12.00     53.00     0.2098E+00     0.9241E-06     0.1460E-12     0.9241E-06     0.6880E+18     0.3031E+13     0.4788E+06     0.3031E+13     0.3820E+03
      16.      2048         1         1     12.00     53.02     0.2098E+00     0.9335E-06     0.1474E-12     0.9335E-06     0.6880E+18     0.3062E+13     0.4836E+06     0.3062E+13     0.3823E+03
      16.      2049         1         1     12.00     52.96     0.2098E+00     0.9427E-06     0.1490E-12     0.9427E-06     0.6880E+18     0.3092E+13     0.4886E+06     0.3092E+13     0.3823E+03
