30° latitude
0.18     albedo
50km altitude
   alt.[km]     year     month       day      hour  SZA[deg]         o2-vmr         ox-vmr          o-vmr         o3-vmr    [o2][cm^-3]   [ox][1/cm^3]    [o][1/cm^3]   [o3][1/cm^3]      topo3[DU]
      50.      2000         1         1     12.00     53.05     0.2095E+00     0.3688E-05     0.2270E-06     0.3461E-05     0.4840E+16     0.8520E+11     0.5243E+10     0.7995E+11     0.2157E+01
      50.      2001         1         1     12.00     52.99     0.2095E+00     0.5336E-05     0.2446E-06     0.5091E-05     0.4840E+16     0.1233E+12     0.5650E+10     0.1176E+12     0.3253E+01
      50.      2002         1         1     12.00     53.01     0.2095E+00     0.5335E-05     0.2445E-06     0.5091E-05     0.4840E+16     0.1232E+12     0.5648E+10     0.1176E+12     0.3253E+01
      50.      2003         1         1     12.00     53.03     0.2095E+00     0.5335E-05     0.2445E-06     0.5091E-05     0.4840E+16     0.1232E+12     0.5647E+10     0.1176E+12     0.3252E+01
      50.      2004         1         1     12.00     53.05     0.2095E+00     0.5335E-05     0.2444E-06     0.5091E-05     0.4840E+16     0.1232E+12     0.5646E+10     0.1176E+12     0.3252E+01
      50.      2005         1         1     12.00     52.99     0.2095E+00     0.5336E-05     0.2446E-06     0.5091E-05     0.4840E+16     0.1233E+12     0.5650E+10     0.1176E+12     0.3253E+01
      50.      2006         1         1     12.00     53.01     0.2095E+00     0.5335E-05     0.2445E-06     0.5091E-05     0.4840E+16     0.1232E+12     0.5648E+10     0.1176E+12     0.3253E+01
      50.      2007         1         1     12.00     53.03     0.2095E+00     0.5335E-05     0.2445E-06     0.5091E-05     0.4840E+16     0.1232E+12     0.5647E+10     0.1176E+12     0.3253E+01
      50.      2008         1         1     12.00     53.05     0.2095E+00     0.5335E-05     0.2444E-06     0.5091E-05     0.4840E+16     0.1232E+12     0.5646E+10     0.1176E+12     0.3252E+01
      50.      2009         1         1     12.00     52.99     0.2095E+00     0.5336E-05     0.2446E-06     0.5091E-05     0.4840E+16     0.1233E+12     0.5650E+10     0.1176E+12     0.3253E+01
      50.      2010         1         1     12.00     53.01     0.2095E+00     0.5335E-05     0.2445E-06     0.5091E-05     0.4840E+16     0.1232E+12     0.5649E+10     0.1176E+12     0.3253E+01
      50.      2011         1         1     12.00     53.03     0.2095E+00     0.5335E-05     0.2445E-06     0.5091E-05     0.4840E+16     0.1232E+12     0.5647E+10     0.1176E+12     0.3253E+01
      50.      2012         1         1     12.00     53.05     0.2095E+00     0.5335E-05     0.2444E-06     0.5091E-05     0.4840E+16     0.1232E+12     0.5646E+10     0.1176E+12     0.3252E+01
      50.      2013         1         1     12.00     52.98     0.2095E+00     0.5336E-05     0.2446E-06     0.5091E-05     0.4840E+16     0.1233E+12     0.5650E+10     0.1176E+12     0.3253E+01
      50.      2014         1         1     12.00     53.00     0.2095E+00     0.5335E-05     0.2445E-06     0.5091E-05     0.4840E+16     0.1232E+12     0.5649E+10     0.1176E+12     0.3253E+01
      50.      2015         1         1     12.00     53.02     0.2095E+00     0.5335E-05     0.2445E-06     0.5091E-05     0.4840E+16     0.1232E+12     0.5647E+10     0.1176E+12     0.3253E+01
      50.      2016         1         1     12.00     53.04     0.2095E+00     0.5335E-05     0.2444E-06     0.5091E-05     0.4840E+16     0.1232E+12     0.5646E+10     0.1176E+12     0.3252E+01
      50.      2017         1         1     12.00     52.98     0.2095E+00     0.5336E-05     0.2446E-06     0.5091E-05     0.4840E+16     0.1233E+12     0.5650E+10     0.1176E+12     0.3253E+01
      50.      2018         1         1     12.00     53.00     0.2095E+00     0.5335E-05     0.2445E-06     0.5091E-05     0.4840E+16     0.1232E+12     0.5649E+10     0.1176E+12     0.3253E+01
      50.      2019         1         1     12.00     53.02     0.2095E+00     0.5335E-05     0.2445E-06     0.5091E-05     0.4840E+16     0.1232E+12     0.5648E+10     0.1176E+12     0.3253E+01
      50.      2020         1         1     12.00     53.04     0.2095E+00     0.5335E-05     0.2444E-06     0.5091E-05     0.4840E+16     0.1232E+12     0.5646E+10     0.1176E+12     0.3252E+01
      50.      2021         1         1     12.00     52.98     0.2095E+00     0.5336E-05     0.2446E-06     0.5091E-05     0.4840E+16     0.1233E+12     0.5651E+10     0.1176E+12     0.3253E+01
      50.      2022         1         1     12.00     53.00     0.2095E+00     0.5335E-05     0.2446E-06     0.5091E-05     0.4840E+16     0.1232E+12     0.5649E+10     0.1176E+12     0.3253E+01
      50.      2023         1         1     12.00     53.02     0.2095E+00     0.5335E-05     0.2445E-06     0.5091E-05     0.4840E+16     0.1232E+12     0.5648E+10     0.1176E+12     0.3253E+01
      50.      2024         1         1     12.00     53.04     0.2095E+00     0.5335E-05     0.2444E-06     0.5091E-05     0.4840E+16     0.1232E+12     0.5646E+10     0.1176E+12     0.3252E+01
      50.      2025         1         1     12.00     52.98     0.2095E+00     0.5336E-05     0.2446E-06     0.5091E-05     0.4840E+16     0.1233E+12     0.5651E+10     0.1176E+12     0.3253E+01
      50.      2026         1         1     12.00     53.00     0.2095E+00     0.5335E-05     0.2446E-06     0.5091E-05     0.4840E+16     0.1232E+12     0.5649E+10     0.1176E+12     0.3253E+01
      50.      2027         1         1     12.00     53.02     0.2095E+00     0.5335E-05     0.2445E-06     0.5091E-05     0.4840E+16     0.1232E+12     0.5648E+10     0.1176E+12     0.3253E+01
      50.      2028         1         1     12.00     53.04     0.2095E+00     0.5335E-05     0.2444E-06     0.5091E-05     0.4840E+16     0.1232E+12     0.5647E+10     0.1176E+12     0.3252E+01
      50.      2029         1         1     12.00     52.97     0.2095E+00     0.5336E-05     0.2446E-06     0.5091E-05     0.4840E+16     0.1233E+12     0.5651E+10     0.1176E+12     0.3253E+01
      50.      2030         1         1     12.00     52.99     0.2095E+00     0.5335E-05     0.2446E-06     0.5091E-05     0.4840E+16     0.1232E+12     0.5649E+10     0.1176E+12     0.3253E+01
      50.      2031         1         1     12.00     53.01     0.2095E+00     0.5335E-05     0.2445E-06     0.5091E-05     0.4840E+16     0.1232E+12     0.5648E+10     0.1176E+12     0.3253E+01
      50.      2032         1         1     12.00     53.03     0.2095E+00     0.5335E-05     0.2444E-06     0.5091E-05     0.4840E+16     0.1232E+12     0.5647E+10     0.1176E+12     0.3252E+01
      50.      2033         1         1     12.00     52.97     0.2095E+00     0.5336E-05     0.2446E-06     0.5091E-05     0.4840E+16     0.1233E+12     0.5651E+10     0.1176E+12     0.3253E+01
      50.      2034         1         1     12.00     52.99     0.2095E+00     0.5335E-05     0.2446E-06     0.5091E-05     0.4840E+16     0.1232E+12     0.5650E+10     0.1176E+12     0.3253E+01
      50.      2035         1         1     12.00     53.01     0.2095E+00     0.5335E-05     0.2445E-06     0.5091E-05     0.4840E+16     0.1232E+12     0.5648E+10     0.1176E+12     0.3253E+01
      50.      2036         1         1     12.00     53.03     0.2095E+00     0.5335E-05     0.2445E-06     0.5091E-05     0.4840E+16     0.1232E+12     0.5647E+10     0.1176E+12     0.3252E+01
      50.      2037         1         1     12.00     52.97     0.2095E+00     0.5336E-05     0.2446E-06     0.5091E-05     0.4840E+16     0.1233E+12     0.5651E+10     0.1176E+12     0.3253E+01
      50.      2038         1         1     12.00     52.99     0.2095E+00     0.5335E-05     0.2446E-06     0.5091E-05     0.4840E+16     0.1232E+12     0.5650E+10     0.1176E+12     0.3253E+01
      50.      2039         1         1     12.00     53.01     0.2095E+00     0.5335E-05     0.2445E-06     0.5091E-05     0.4840E+16     0.1232E+12     0.5648E+10     0.1176E+12     0.3253E+01
      50.      2040         1         1     12.00     53.03     0.2095E+00     0.5335E-05     0.2445E-06     0.5091E-05     0.4840E+16     0.1232E+12     0.5647E+10     0.1176E+12     0.3252E+01
      50.      2041         1         1     12.00     52.97     0.2095E+00     0.5336E-05     0.2446E-06     0.5091E-05     0.4840E+16     0.1233E+12     0.5651E+10     0.1176E+12     0.3253E+01
      50.      2042         1         1     12.00     52.99     0.2095E+00     0.5335E-05     0.2446E-06     0.5091E-05     0.4840E+16     0.1232E+12     0.5650E+10     0.1176E+12     0.3253E+01
      50.      2043         1         1     12.00     53.01     0.2095E+00     0.5335E-05     0.2445E-06     0.5091E-05     0.4840E+16     0.1232E+12     0.5649E+10     0.1176E+12     0.3253E+01
      50.      2044         1         1     12.00     53.03     0.2095E+00     0.5335E-05     0.2445E-06     0.5091E-05     0.4840E+16     0.1232E+12     0.5647E+10     0.1176E+12     0.3252E+01
      50.      2045         1         1     12.00     52.96     0.2095E+00     0.5336E-05     0.2447E-06     0.5091E-05     0.4840E+16     0.1233E+12     0.5652E+10     0.1176E+12     0.3253E+01
      50.      2046         1         1     12.00     52.98     0.2095E+00     0.5335E-05     0.2446E-06     0.5091E-05     0.4840E+16     0.1232E+12     0.5650E+10     0.1176E+12     0.3253E+01
      50.      2047         1         1     12.00     53.00     0.2095E+00     0.5335E-05     0.2445E-06     0.5091E-05     0.4840E+16     0.1232E+12     0.5649E+10     0.1176E+12     0.3253E+01
      50.      2048         1         1     12.00     53.02     0.2095E+00     0.5335E-05     0.2445E-06     0.5091E-05     0.4840E+16     0.1232E+12     0.5647E+10     0.1176E+12     0.3252E+01
      50.      2049         1         1     12.00     52.96     0.2095E+00     0.5336E-05     0.2447E-06     0.5091E-05     0.4840E+16     0.1233E+12     0.5652E+10     0.1176E+12     0.3253E+01
