30° latitude
0.18     albedo
07km altitude
   alt.[km]     year     month       day      hour  SZA[deg]         o2-vmr         ox-vmr          o-vmr         o3-vmr    [o2][cm^-3]   [ox][1/cm^3]    [o][1/cm^3]   [o3][1/cm^3]      topo3[DU]
       7.      2000         1         1     12.00     53.05     0.2090E+00     0.2984E-14     0.6073E-22     0.2984E-14     0.2550E+19     0.3641E+05     0.7409E-03     0.3641E+05     0.1921E+02
       7.      2001         1         1     12.00     52.99     0.2090E+00     0.9417E-12     0.1441E-19     0.9417E-12     0.2550E+19     0.1149E+08     0.1758E+00     0.1149E+08     0.2800E+03
       7.      2002         1         1     12.00     53.01     0.2090E+00     0.1260E-11     0.1896E-19     0.1260E-11     0.2550E+19     0.1537E+08     0.2313E+00     0.1537E+08     0.3099E+03
       7.      2003         1         1     12.00     53.03     0.2090E+00     0.1486E-11     0.2217E-19     0.1486E-11     0.2550E+19     0.1812E+08     0.2704E+00     0.1812E+08     0.3251E+03
       7.      2004         1         1     12.00     53.05     0.2090E+00     0.1671E-11     0.2479E-19     0.1671E-11     0.2550E+19     0.2038E+08     0.3024E+00     0.2038E+08     0.3354E+03
       7.      2005         1         1     12.00     52.99     0.2090E+00     0.1832E-11     0.2708E-19     0.1832E-11     0.2550E+19     0.2235E+08     0.3304E+00     0.2235E+08     0.3430E+03
       7.      2006         1         1     12.00     53.01     0.2090E+00     0.1976E-11     0.2912E-19     0.1976E-11     0.2550E+19     0.2411E+08     0.3553E+00     0.2411E+08     0.3491E+03
       7.      2007         1         1     12.00     53.03     0.2090E+00     0.2109E-11     0.3100E-19     0.2109E-11     0.2550E+19     0.2573E+08     0.3782E+00     0.2573E+08     0.3541E+03
       7.      2008         1         1     12.00     53.05     0.2090E+00     0.2233E-11     0.3275E-19     0.2233E-11     0.2550E+19     0.2724E+08     0.3995E+00     0.2724E+08     0.3583E+03
       7.      2009         1         1     12.00     52.99     0.2090E+00     0.2349E-11     0.3443E-19     0.2349E-11     0.2550E+19     0.2866E+08     0.4201E+00     0.2866E+08     0.3617E+03
       7.      2010         1         1     12.00     53.01     0.2090E+00     0.2460E-11     0.3600E-19     0.2460E-11     0.2550E+19     0.3001E+08     0.4392E+00     0.3001E+08     0.3649E+03
       7.      2011         1         1     12.00     53.03     0.2090E+00     0.2566E-11     0.3749E-19     0.2566E-11     0.2550E+19     0.3131E+08     0.4574E+00     0.3131E+08     0.3678E+03
       7.      2012         1         1     12.00     53.05     0.2090E+00     0.2668E-11     0.3893E-19     0.2668E-11     0.2550E+19     0.3255E+08     0.4749E+00     0.3255E+08     0.3704E+03
       7.      2013         1         1     12.00     52.98     0.2090E+00     0.2766E-11     0.4035E-19     0.2766E-11     0.2550E+19     0.3375E+08     0.4923E+00     0.3375E+08     0.3725E+03
       7.      2014         1         1     12.00     53.00     0.2090E+00     0.2861E-11     0.4169E-19     0.2861E-11     0.2550E+19     0.3491E+08     0.5086E+00     0.3491E+08     0.3747E+03
       7.      2015         1         1     12.00     53.02     0.2090E+00     0.2953E-11     0.4299E-19     0.2953E-11     0.2550E+19     0.3603E+08     0.5244E+00     0.3603E+08     0.3766E+03
       7.      2016         1         1     12.00     53.04     0.2090E+00     0.3043E-11     0.4425E-19     0.3043E-11     0.2550E+19     0.3713E+08     0.5398E+00     0.3713E+08     0.3785E+03
       7.      2017         1         1     12.00     52.98     0.2090E+00     0.3131E-11     0.4552E-19     0.3131E-11     0.2550E+19     0.3819E+08     0.5553E+00     0.3819E+08     0.3800E+03
       7.      2018         1         1     12.00     53.00     0.2090E+00     0.3216E-11     0.4672E-19     0.3216E-11     0.2550E+19     0.3923E+08     0.5699E+00     0.3923E+08     0.3816E+03
       7.      2019         1         1     12.00     53.02     0.2090E+00     0.3300E-11     0.4789E-19     0.3300E-11     0.2550E+19     0.4025E+08     0.5842E+00     0.4025E+08     0.3831E+03
       7.      2020         1         1     12.00     53.04     0.2090E+00     0.3381E-11     0.4904E-19     0.3381E-11     0.2550E+19     0.4125E+08     0.5983E+00     0.4125E+08     0.3845E+03
       7.      2021         1         1     12.00     52.98     0.2090E+00     0.3462E-11     0.5021E-19     0.3462E-11     0.2550E+19     0.4223E+08     0.6126E+00     0.4223E+08     0.3855E+03
       7.      2022         1         1     12.00     53.00     0.2090E+00     0.3540E-11     0.5132E-19     0.3540E-11     0.2550E+19     0.4319E+08     0.6260E+00     0.4319E+08     0.3868E+03
       7.      2023         1         1     12.00     53.02     0.2090E+00     0.3618E-11     0.5240E-19     0.3618E-11     0.2550E+19     0.4414E+08     0.6393E+00     0.4414E+08     0.3879E+03
       7.      2024         1         1     12.00     53.04     0.2090E+00     0.3694E-11     0.5347E-19     0.3694E-11     0.2550E+19     0.4507E+08     0.6524E+00     0.4507E+08     0.3890E+03
       7.      2025         1         1     12.00     52.98     0.2090E+00     0.3769E-11     0.5458E-19     0.3769E-11     0.2550E+19     0.4599E+08     0.6658E+00     0.4599E+08     0.3898E+03
       7.      2026         1         1     12.00     53.00     0.2090E+00     0.3844E-11     0.5561E-19     0.3844E-11     0.2550E+19     0.4689E+08     0.6785E+00     0.4689E+08     0.3908E+03
       7.      2027         1         1     12.00     53.02     0.2090E+00     0.3917E-11     0.5664E-19     0.3917E-11     0.2550E+19     0.4778E+08     0.6910E+00     0.4778E+08     0.3917E+03
       7.      2028         1         1     12.00     53.04     0.2090E+00     0.3989E-11     0.5765E-19     0.3989E-11     0.2550E+19     0.4867E+08     0.7033E+00     0.4867E+08     0.3926E+03
       7.      2029         1         1     12.00     52.97     0.2090E+00     0.4060E-11     0.5870E-19     0.4060E-11     0.2550E+19     0.4954E+08     0.7161E+00     0.4954E+08     0.3933E+03
       7.      2030         1         1     12.00     52.99     0.2090E+00     0.4131E-11     0.5968E-19     0.4131E-11     0.2550E+19     0.5040E+08     0.7282E+00     0.5040E+08     0.3941E+03
       7.      2031         1         1     12.00     53.01     0.2090E+00     0.4201E-11     0.6066E-19     0.4201E-11     0.2550E+19     0.5125E+08     0.7400E+00     0.5125E+08     0.3949E+03
       7.      2032         1         1     12.00     53.03     0.2090E+00     0.4269E-11     0.6162E-19     0.4269E-11     0.2550E+19     0.5209E+08     0.7518E+00     0.5209E+08     0.3956E+03
       7.      2033         1         1     12.00     52.97     0.2090E+00     0.4338E-11     0.6264E-19     0.4338E-11     0.2550E+19     0.5292E+08     0.7641E+00     0.5292E+08     0.3961E+03
       7.      2034         1         1     12.00     52.99     0.2090E+00     0.4405E-11     0.6358E-19     0.4405E-11     0.2550E+19     0.5375E+08     0.7757E+00     0.5375E+08     0.3968E+03
       7.      2035         1         1     12.00     53.01     0.2090E+00     0.4472E-11     0.6451E-19     0.4472E-11     0.2550E+19     0.5456E+08     0.7871E+00     0.5456E+08     0.3975E+03
       7.      2036         1         1     12.00     53.03     0.2090E+00     0.4539E-11     0.6544E-19     0.4539E-11     0.2550E+19     0.5537E+08     0.7984E+00     0.5537E+08     0.3981E+03
       7.      2037         1         1     12.00     52.97     0.2090E+00     0.4605E-11     0.6642E-19     0.4605E-11     0.2550E+19     0.5618E+08     0.8103E+00     0.5618E+08     0.3986E+03
       7.      2038         1         1     12.00     52.99     0.2090E+00     0.4670E-11     0.6733E-19     0.4670E-11     0.2550E+19     0.5697E+08     0.8214E+00     0.5697E+08     0.3992E+03
       7.      2039         1         1     12.00     53.01     0.2090E+00     0.4735E-11     0.6823E-19     0.4735E-11     0.2550E+19     0.5776E+08     0.8324E+00     0.5776E+08     0.3998E+03
       7.      2040         1         1     12.00     53.03     0.2090E+00     0.4799E-11     0.6912E-19     0.4799E-11     0.2550E+19     0.5854E+08     0.8433E+00     0.5854E+08     0.4004E+03
       7.      2041         1         1     12.00     52.97     0.2090E+00     0.4862E-11     0.7008E-19     0.4862E-11     0.2550E+19     0.5932E+08     0.8549E+00     0.5932E+08     0.4007E+03
       7.      2042         1         1     12.00     52.99     0.2090E+00     0.4926E-11     0.7096E-19     0.4926E-11     0.2550E+19     0.6009E+08     0.8657E+00     0.6009E+08     0.4012E+03
       7.      2043         1         1     12.00     53.01     0.2090E+00     0.4988E-11     0.7183E-19     0.4988E-11     0.2550E+19     0.6086E+08     0.8764E+00     0.6086E+08     0.4018E+03
       7.      2044         1         1     12.00     53.03     0.2090E+00     0.5051E-11     0.7270E-19     0.5051E-11     0.2550E+19     0.6162E+08     0.8870E+00     0.6162E+08     0.4023E+03
       7.      2045         1         1     12.00     52.96     0.2090E+00     0.5113E-11     0.7363E-19     0.5113E-11     0.2550E+19     0.6237E+08     0.8983E+00     0.6237E+08     0.4026E+03
       7.      2046         1         1     12.00     52.98     0.2090E+00     0.5174E-11     0.7449E-19     0.5174E-11     0.2550E+19     0.6312E+08     0.9088E+00     0.6312E+08     0.4031E+03
       7.      2047         1         1     12.00     53.00     0.2090E+00     0.5235E-11     0.7534E-19     0.5235E-11     0.2550E+19     0.6387E+08     0.9191E+00     0.6387E+08     0.4036E+03
       7.      2048         1         1     12.00     53.02     0.2090E+00     0.5296E-11     0.7618E-19     0.5296E-11     0.2550E+19     0.6461E+08     0.9294E+00     0.6461E+08     0.4041E+03
       7.      2049         1         1     12.00     52.96     0.2090E+00     0.5356E-11     0.7709E-19     0.5356E-11     0.2550E+19     0.6534E+08     0.9405E+00     0.6534E+08     0.4043E+03
