30° latitude
0.18     albedo
01km altitude
   alt.[km]     year     month       day      hour  SZA[deg]         o2-vmr         ox-vmr          o-vmr         o3-vmr    [o2][cm^-3]   [ox][1/cm^3]    [o][1/cm^3]   [o3][1/cm^3]      topo3[DU]
       1.      2000         1         1     12.00     53.05     0.2095E+00     0.0000E+00     0.0000E+00     0.0000E+00     0.5050E+19     0.0000E+00     0.0000E+00     0.0000E+00     0.1921E+02
       1.      2001         1         1     12.00     52.99     0.2095E+00     0.0000E+00     0.0000E+00     0.0000E+00     0.5050E+19     0.0000E+00     0.0000E+00     0.0000E+00     0.2800E+03
       1.      2002         1         1     12.00     53.01     0.2095E+00     0.0000E+00     0.0000E+00     0.0000E+00     0.5050E+19     0.0000E+00     0.0000E+00     0.0000E+00     0.3099E+03
       1.      2003         1         1     12.00     53.03     0.2095E+00     0.0000E+00     0.0000E+00     0.0000E+00     0.5050E+19     0.0000E+00     0.0000E+00     0.0000E+00     0.3251E+03
       1.      2004         1         1     12.00     53.05     0.2095E+00     0.0000E+00     0.0000E+00     0.0000E+00     0.5050E+19     0.0000E+00     0.0000E+00     0.0000E+00     0.3354E+03
       1.      2005         1         1     12.00     52.99     0.2095E+00     0.0000E+00     0.0000E+00     0.0000E+00     0.5050E+19     0.0000E+00     0.0000E+00     0.0000E+00     0.3430E+03
       1.      2006         1         1     12.00     53.01     0.2095E+00     0.0000E+00     0.0000E+00     0.0000E+00     0.5050E+19     0.0000E+00     0.0000E+00     0.0000E+00     0.3491E+03
       1.      2007         1         1     12.00     53.03     0.2095E+00     0.0000E+00     0.0000E+00     0.0000E+00     0.5050E+19     0.0000E+00     0.0000E+00     0.0000E+00     0.3541E+03
       1.      2008         1         1     12.00     53.05     0.2095E+00     0.0000E+00     0.0000E+00     0.0000E+00     0.5050E+19     0.0000E+00     0.0000E+00     0.0000E+00     0.3583E+03
       1.      2009         1         1     12.00     52.99     0.2095E+00     0.0000E+00     0.0000E+00     0.0000E+00     0.5050E+19     0.0000E+00     0.0000E+00     0.0000E+00     0.3617E+03
       1.      2010         1         1     12.00     53.01     0.2095E+00     0.0000E+00     0.0000E+00     0.0000E+00     0.5050E+19     0.0000E+00     0.0000E+00     0.0000E+00     0.3649E+03
       1.      2011         1         1     12.00     53.03     0.2095E+00     0.0000E+00     0.0000E+00     0.0000E+00     0.5050E+19     0.0000E+00     0.0000E+00     0.0000E+00     0.3678E+03
       1.      2012         1         1     12.00     53.05     0.2095E+00     0.0000E+00     0.0000E+00     0.0000E+00     0.5050E+19     0.0000E+00     0.0000E+00     0.0000E+00     0.3704E+03
       1.      2013         1         1     12.00     52.98     0.2095E+00     0.0000E+00     0.0000E+00     0.0000E+00     0.5050E+19     0.0000E+00     0.0000E+00     0.0000E+00     0.3725E+03
       1.      2014         1         1     12.00     53.00     0.2095E+00     0.0000E+00     0.0000E+00     0.0000E+00     0.5050E+19     0.0000E+00     0.0000E+00     0.0000E+00     0.3747E+03
       1.      2015         1         1     12.00     53.02     0.2095E+00     0.0000E+00     0.0000E+00     0.0000E+00     0.5050E+19     0.0000E+00     0.0000E+00     0.0000E+00     0.3766E+03
       1.      2016         1         1     12.00     53.04     0.2095E+00     0.0000E+00     0.0000E+00     0.0000E+00     0.5050E+19     0.0000E+00     0.0000E+00     0.0000E+00     0.3785E+03
       1.      2017         1         1     12.00     52.98     0.2095E+00     0.0000E+00     0.0000E+00     0.0000E+00     0.5050E+19     0.0000E+00     0.0000E+00     0.0000E+00     0.3800E+03
       1.      2018         1         1     12.00     53.00     0.2095E+00     0.0000E+00     0.0000E+00     0.0000E+00     0.5050E+19     0.0000E+00     0.0000E+00     0.0000E+00     0.3816E+03
       1.      2019         1         1     12.00     53.02     0.2095E+00     0.0000E+00     0.0000E+00     0.0000E+00     0.5050E+19     0.0000E+00     0.0000E+00     0.0000E+00     0.3831E+03
       1.      2020         1         1     12.00     53.04     0.2095E+00     0.0000E+00     0.0000E+00     0.0000E+00     0.5050E+19     0.0000E+00     0.0000E+00     0.0000E+00     0.3845E+03
       1.      2021         1         1     12.00     52.98     0.2095E+00     0.0000E+00     0.0000E+00     0.0000E+00     0.5050E+19     0.0000E+00     0.0000E+00     0.0000E+00     0.3855E+03
       1.      2022         1         1     12.00     53.00     0.2095E+00     0.0000E+00     0.0000E+00     0.0000E+00     0.5050E+19     0.0000E+00     0.0000E+00     0.0000E+00     0.3868E+03
       1.      2023         1         1     12.00     53.02     0.2095E+00     0.0000E+00     0.0000E+00     0.0000E+00     0.5050E+19     0.0000E+00     0.0000E+00     0.0000E+00     0.3879E+03
       1.      2024         1         1     12.00     53.04     0.2095E+00     0.0000E+00     0.0000E+00     0.0000E+00     0.5050E+19     0.0000E+00     0.0000E+00     0.0000E+00     0.3890E+03
       1.      2025         1         1     12.00     52.98     0.2095E+00     0.0000E+00     0.0000E+00     0.0000E+00     0.5050E+19     0.0000E+00     0.0000E+00     0.0000E+00     0.3898E+03
       1.      2026         1         1     12.00     53.00     0.2095E+00     0.0000E+00     0.0000E+00     0.0000E+00     0.5050E+19     0.0000E+00     0.0000E+00     0.0000E+00     0.3908E+03
       1.      2027         1         1     12.00     53.02     0.2095E+00     0.0000E+00     0.0000E+00     0.0000E+00     0.5050E+19     0.0000E+00     0.0000E+00     0.0000E+00     0.3917E+03
       1.      2028         1         1     12.00     53.04     0.2095E+00     0.0000E+00     0.0000E+00     0.0000E+00     0.5050E+19     0.0000E+00     0.0000E+00     0.0000E+00     0.3926E+03
       1.      2029         1         1     12.00     52.97     0.2095E+00     0.0000E+00     0.0000E+00     0.0000E+00     0.5050E+19     0.0000E+00     0.0000E+00     0.0000E+00     0.3933E+03
       1.      2030         1         1     12.00     52.99     0.2095E+00     0.0000E+00     0.0000E+00     0.0000E+00     0.5050E+19     0.0000E+00     0.0000E+00     0.0000E+00     0.3941E+03
       1.      2031         1         1     12.00     53.01     0.2095E+00     0.0000E+00     0.0000E+00     0.0000E+00     0.5050E+19     0.0000E+00     0.0000E+00     0.0000E+00     0.3949E+03
       1.      2032         1         1     12.00     53.03     0.2095E+00     0.0000E+00     0.0000E+00     0.0000E+00     0.5050E+19     0.0000E+00     0.0000E+00     0.0000E+00     0.3956E+03
       1.      2033         1         1     12.00     52.97     0.2095E+00     0.0000E+00     0.0000E+00     0.0000E+00     0.5050E+19     0.0000E+00     0.0000E+00     0.0000E+00     0.3961E+03
       1.      2034         1         1     12.00     52.99     0.2095E+00     0.0000E+00     0.0000E+00     0.0000E+00     0.5050E+19     0.0000E+00     0.0000E+00     0.0000E+00     0.3968E+03
       1.      2035         1         1     12.00     53.01     0.2095E+00     0.0000E+00     0.0000E+00     0.0000E+00     0.5050E+19     0.0000E+00     0.0000E+00     0.0000E+00     0.3975E+03
       1.      2036         1         1     12.00     53.03     0.2095E+00     0.0000E+00     0.0000E+00     0.0000E+00     0.5050E+19     0.0000E+00     0.0000E+00     0.0000E+00     0.3981E+03
       1.      2037         1         1     12.00     52.97     0.2095E+00     0.0000E+00     0.0000E+00     0.0000E+00     0.5050E+19     0.0000E+00     0.0000E+00     0.0000E+00     0.3986E+03
       1.      2038         1         1     12.00     52.99     0.2095E+00     0.0000E+00     0.0000E+00     0.0000E+00     0.5050E+19     0.0000E+00     0.0000E+00     0.0000E+00     0.3992E+03
       1.      2039         1         1     12.00     53.01     0.2095E+00     0.0000E+00     0.0000E+00     0.0000E+00     0.5050E+19     0.0000E+00     0.0000E+00     0.0000E+00     0.3998E+03
       1.      2040         1         1     12.00     53.03     0.2095E+00     0.0000E+00     0.0000E+00     0.0000E+00     0.5050E+19     0.0000E+00     0.0000E+00     0.0000E+00     0.4004E+03
       1.      2041         1         1     12.00     52.97     0.2095E+00     0.0000E+00     0.0000E+00     0.0000E+00     0.5050E+19     0.0000E+00     0.0000E+00     0.0000E+00     0.4007E+03
       1.      2042         1         1     12.00     52.99     0.2095E+00     0.0000E+00     0.0000E+00     0.0000E+00     0.5050E+19     0.0000E+00     0.0000E+00     0.0000E+00     0.4012E+03
       1.      2043         1         1     12.00     53.01     0.2095E+00     0.0000E+00     0.0000E+00     0.0000E+00     0.5050E+19     0.0000E+00     0.0000E+00     0.0000E+00     0.4018E+03
       1.      2044         1         1     12.00     53.03     0.2095E+00     0.0000E+00     0.0000E+00     0.0000E+00     0.5050E+19     0.0000E+00     0.0000E+00     0.0000E+00     0.4023E+03
       1.      2045         1         1     12.00     52.96     0.2095E+00     0.0000E+00     0.0000E+00     0.0000E+00     0.5050E+19     0.0000E+00     0.0000E+00     0.0000E+00     0.4026E+03
       1.      2046         1         1     12.00     52.98     0.2095E+00     0.0000E+00     0.0000E+00     0.0000E+00     0.5050E+19     0.0000E+00     0.0000E+00     0.0000E+00     0.4031E+03
       1.      2047         1         1     12.00     53.00     0.2095E+00     0.0000E+00     0.0000E+00     0.0000E+00     0.5050E+19     0.0000E+00     0.0000E+00     0.0000E+00     0.4036E+03
       1.      2048         1         1     12.00     53.02     0.2095E+00     0.0000E+00     0.0000E+00     0.0000E+00     0.5050E+19     0.0000E+00     0.0000E+00     0.0000E+00     0.4041E+03
       1.      2049         1         1     12.00     52.96     0.2095E+00     0.0000E+00     0.0000E+00     0.0000E+00     0.5050E+19     0.0000E+00     0.0000E+00     0.0000E+00     0.4043E+03
