-45° latitude
0.13     albedo
16km altitude
   alt.[km]     year     month       day      hour  SZA[deg]         o2-vmr         ox-vmr          o-vmr         o3-vmr    [o2][cm^-3]   [ox][1/cm^3]    [o][1/cm^3]   [o3][1/cm^3]      topo3[DU]
      16.      2000         1         1     12.00     21.96     0.2098E+00     0.1865E-07     0.5331E-14     0.1865E-07     0.6880E+18     0.6117E+11     0.1748E+05     0.6117E+11     0.3848E+02
      16.      2001         1         1     12.00     22.03     0.2098E+00     0.1523E-06     0.2846E-13     0.1523E-06     0.6880E+18     0.4997E+12     0.9335E+05     0.4997E+12     0.2962E+03
      16.      2002         1         1     12.00     22.01     0.2098E+00     0.1843E-06     0.3390E-13     0.1843E-06     0.6880E+18     0.6045E+12     0.1112E+06     0.6045E+12     0.3202E+03
      16.      2003         1         1     12.00     21.99     0.2098E+00     0.2092E-06     0.3821E-13     0.2092E-06     0.6880E+18     0.6863E+12     0.1253E+06     0.6863E+12     0.3323E+03
      16.      2004         1         1     12.00     21.97     0.2098E+00     0.2308E-06     0.4196E-13     0.2308E-06     0.6880E+18     0.7571E+12     0.1376E+06     0.7571E+12     0.3402E+03
      16.      2005         1         1     12.00     22.03     0.2098E+00     0.2505E-06     0.4535E-13     0.2505E-06     0.6880E+18     0.8216E+12     0.1488E+06     0.8216E+12     0.3463E+03
      16.      2006         1         1     12.00     22.01     0.2098E+00     0.2685E-06     0.4848E-13     0.2685E-06     0.6880E+18     0.8806E+12     0.1590E+06     0.8806E+12     0.3510E+03
      16.      2007         1         1     12.00     21.99     0.2098E+00     0.2854E-06     0.5143E-13     0.2854E-06     0.6880E+18     0.9360E+12     0.1687E+06     0.9360E+12     0.3548E+03
      16.      2008         1         1     12.00     21.97     0.2098E+00     0.3013E-06     0.5422E-13     0.3013E-06     0.6880E+18     0.9884E+12     0.1778E+06     0.9884E+12     0.3579E+03
      16.      2009         1         1     12.00     22.03     0.2098E+00     0.3167E-06     0.5689E-13     0.3167E-06     0.6880E+18     0.1039E+13     0.1866E+06     0.1039E+13     0.3608E+03
      16.      2010         1         1     12.00     22.01     0.2098E+00     0.3314E-06     0.5946E-13     0.3314E-06     0.6880E+18     0.1087E+13     0.1950E+06     0.1087E+13     0.3631E+03
      16.      2011         1         1     12.00     21.99     0.2098E+00     0.3455E-06     0.6193E-13     0.3455E-06     0.6880E+18     0.1133E+13     0.2031E+06     0.1133E+13     0.3651E+03
      16.      2012         1         1     12.00     21.97     0.2098E+00     0.3591E-06     0.6432E-13     0.3591E-06     0.6880E+18     0.1178E+13     0.2110E+06     0.1178E+13     0.3669E+03
      16.      2013         1         1     12.00     22.04     0.2098E+00     0.3725E-06     0.6664E-13     0.3725E-06     0.6880E+18     0.1222E+13     0.2186E+06     0.1222E+13     0.3687E+03
      16.      2014         1         1     12.00     22.02     0.2098E+00     0.3854E-06     0.6890E-13     0.3854E-06     0.6880E+18     0.1264E+13     0.2260E+06     0.1264E+13     0.3702E+03
      16.      2015         1         1     12.00     21.99     0.2098E+00     0.3979E-06     0.7110E-13     0.3979E-06     0.6880E+18     0.1305E+13     0.2332E+06     0.1305E+13     0.3715E+03
      16.      2016         1         1     12.00     21.97     0.2098E+00     0.4102E-06     0.7324E-13     0.4102E-06     0.6880E+18     0.1345E+13     0.2402E+06     0.1345E+13     0.3727E+03
      16.      2017         1         1     12.00     22.04     0.2098E+00     0.4222E-06     0.7533E-13     0.4222E-06     0.6880E+18     0.1385E+13     0.2471E+06     0.1385E+13     0.3740E+03
      16.      2018         1         1     12.00     22.02     0.2098E+00     0.4339E-06     0.7738E-13     0.4339E-06     0.6880E+18     0.1423E+13     0.2538E+06     0.1423E+13     0.3751E+03
      16.      2019         1         1     12.00     22.00     0.2098E+00     0.4454E-06     0.7938E-13     0.4454E-06     0.6880E+18     0.1461E+13     0.2604E+06     0.1461E+13     0.3760E+03
      16.      2020         1         1     12.00     21.98     0.2098E+00     0.4566E-06     0.8135E-13     0.4566E-06     0.6880E+18     0.1497E+13     0.2668E+06     0.1497E+13     0.3769E+03
      16.      2021         1         1     12.00     22.04     0.2098E+00     0.4676E-06     0.8326E-13     0.4676E-06     0.6880E+18     0.1534E+13     0.2731E+06     0.1534E+13     0.3779E+03
      16.      2022         1         1     12.00     22.02     0.2098E+00     0.4784E-06     0.8515E-13     0.4784E-06     0.6880E+18     0.1569E+13     0.2793E+06     0.1569E+13     0.3786E+03
      16.      2023         1         1     12.00     22.00     0.2098E+00     0.4890E-06     0.8701E-13     0.4890E-06     0.6880E+18     0.1604E+13     0.2854E+06     0.1604E+13     0.3793E+03
      16.      2024         1         1     12.00     21.98     0.2098E+00     0.4994E-06     0.8884E-13     0.4994E-06     0.6880E+18     0.1638E+13     0.2914E+06     0.1638E+13     0.3800E+03
      16.      2025         1         1     12.00     22.04     0.2098E+00     0.5097E-06     0.9061E-13     0.5097E-06     0.6880E+18     0.1672E+13     0.2972E+06     0.1672E+13     0.3808E+03
      16.      2026         1         1     12.00     22.02     0.2098E+00     0.5197E-06     0.9238E-13     0.5197E-06     0.6880E+18     0.1705E+13     0.3030E+06     0.1705E+13     0.3813E+03
      16.      2027         1         1     12.00     22.00     0.2098E+00     0.5296E-06     0.9412E-13     0.5296E-06     0.6880E+18     0.1737E+13     0.3087E+06     0.1737E+13     0.3819E+03
      16.      2028         1         1     12.00     21.98     0.2098E+00     0.5394E-06     0.9583E-13     0.5394E-06     0.6880E+18     0.1769E+13     0.3143E+06     0.1769E+13     0.3823E+03
      16.      2029         1         1     12.00     22.05     0.2098E+00     0.5490E-06     0.9749E-13     0.5490E-06     0.6880E+18     0.1801E+13     0.3198E+06     0.1801E+13     0.3830E+03
      16.      2030         1         1     12.00     22.03     0.2098E+00     0.5584E-06     0.9915E-13     0.5584E-06     0.6880E+18     0.1832E+13     0.3252E+06     0.1832E+13     0.3834E+03
      16.      2031         1         1     12.00     22.00     0.2098E+00     0.5677E-06     0.1008E-12     0.5677E-06     0.6880E+18     0.1862E+13     0.3306E+06     0.1862E+13     0.3838E+03
      16.      2032         1         1     12.00     21.98     0.2098E+00     0.5769E-06     0.1024E-12     0.5769E-06     0.6880E+18     0.1892E+13     0.3359E+06     0.1892E+13     0.3842E+03
      16.      2033         1         1     12.00     22.05     0.2098E+00     0.5860E-06     0.1040E-12     0.5860E-06     0.6880E+18     0.1922E+13     0.3410E+06     0.1922E+13     0.3847E+03
      16.      2034         1         1     12.00     22.03     0.2098E+00     0.5949E-06     0.1055E-12     0.5949E-06     0.6880E+18     0.1951E+13     0.3461E+06     0.1951E+13     0.3850E+03
      16.      2035         1         1     12.00     22.01     0.2098E+00     0.6037E-06     0.1071E-12     0.6037E-06     0.6880E+18     0.1980E+13     0.3512E+06     0.1980E+13     0.3853E+03
      16.      2036         1         1     12.00     21.99     0.2098E+00     0.6123E-06     0.1086E-12     0.6123E-06     0.6880E+18     0.2008E+13     0.3562E+06     0.2008E+13     0.3856E+03
      16.      2037         1         1     12.00     22.05     0.2098E+00     0.6209E-06     0.1101E-12     0.6209E-06     0.6880E+18     0.2037E+13     0.3610E+06     0.2037E+13     0.3861E+03
      16.      2038         1         1     12.00     22.03     0.2098E+00     0.6293E-06     0.1116E-12     0.6293E-06     0.6880E+18     0.2064E+13     0.3659E+06     0.2064E+13     0.3863E+03
      16.      2039         1         1     12.00     22.01     0.2098E+00     0.6376E-06     0.1130E-12     0.6376E-06     0.6880E+18     0.2091E+13     0.3707E+06     0.2091E+13     0.3866E+03
      16.      2040         1         1     12.00     21.99     0.2098E+00     0.6458E-06     0.1145E-12     0.6458E-06     0.6880E+18     0.2118E+13     0.3755E+06     0.2118E+13     0.3868E+03
      16.      2041         1         1     12.00     22.05     0.2098E+00     0.6540E-06     0.1159E-12     0.6540E-06     0.6880E+18     0.2145E+13     0.3800E+06     0.2145E+13     0.3872E+03
      16.      2042         1         1     12.00     22.03     0.2098E+00     0.6619E-06     0.1173E-12     0.6619E-06     0.6880E+18     0.2171E+13     0.3847E+06     0.2171E+13     0.3874E+03
      16.      2043         1         1     12.00     22.01     0.2098E+00     0.6698E-06     0.1187E-12     0.6698E-06     0.6880E+18     0.2197E+13     0.3892E+06     0.2197E+13     0.3876E+03
      16.      2044         1         1     12.00     21.99     0.2098E+00     0.6776E-06     0.1200E-12     0.6776E-06     0.6880E+18     0.2222E+13     0.3937E+06     0.2222E+13     0.3878E+03
      16.      2045         1         1     12.00     22.06     0.2098E+00     0.6853E-06     0.1214E-12     0.6853E-06     0.6880E+18     0.2248E+13     0.3981E+06     0.2248E+13     0.3881E+03
      16.      2046         1         1     12.00     22.04     0.2098E+00     0.6929E-06     0.1227E-12     0.6929E-06     0.6880E+18     0.2273E+13     0.4024E+06     0.2273E+13     0.3883E+03
      16.      2047         1         1     12.00     22.01     0.2098E+00     0.7003E-06     0.1240E-12     0.7003E-06     0.6880E+18     0.2297E+13     0.4068E+06     0.2297E+13     0.3884E+03
      16.      2048         1         1     12.00     21.99     0.2098E+00     0.7077E-06     0.1253E-12     0.7077E-06     0.6880E+18     0.2321E+13     0.4111E+06     0.2321E+13     0.3886E+03
      16.      2049         1         1     12.00     22.06     0.2098E+00     0.7150E-06     0.1266E-12     0.7150E-06     0.6880E+18     0.2345E+13     0.4151E+06     0.2345E+13     0.3889E+03
