-45° latitude
0.13     albedo
55km altitude
   alt.[km]     year     month       day      hour  SZA[deg]         o2-vmr         ox-vmr          o-vmr         o3-vmr    [o2][cm^-3]   [ox][1/cm^3]    [o][1/cm^3]   [o3][1/cm^3]      topo3[DU]
      55.      2000         1         1     12.00     21.96     0.2096E+00     0.4338E-05     0.9805E-06     0.3357E-05     0.2620E+16     0.5422E+11     0.1226E+11     0.4196E+11     0.1383E+01
      55.      2001         1         1     12.00     22.03     0.2096E+00     0.4505E-05     0.9426E-06     0.3562E-05     0.2620E+16     0.5631E+11     0.1178E+11     0.4453E+11     0.1839E+01
      55.      2002         1         1     12.00     22.01     0.2096E+00     0.4505E-05     0.9427E-06     0.3562E-05     0.2620E+16     0.5631E+11     0.1178E+11     0.4453E+11     0.1839E+01
      55.      2003         1         1     12.00     21.99     0.2096E+00     0.4505E-05     0.9428E-06     0.3562E-05     0.2620E+16     0.5631E+11     0.1178E+11     0.4453E+11     0.1839E+01
      55.      2004         1         1     12.00     21.97     0.2096E+00     0.4505E-05     0.9428E-06     0.3562E-05     0.2620E+16     0.5631E+11     0.1179E+11     0.4453E+11     0.1839E+01
      55.      2005         1         1     12.00     22.03     0.2096E+00     0.4505E-05     0.9426E-06     0.3562E-05     0.2620E+16     0.5631E+11     0.1178E+11     0.4453E+11     0.1839E+01
      55.      2006         1         1     12.00     22.01     0.2096E+00     0.4505E-05     0.9427E-06     0.3562E-05     0.2620E+16     0.5631E+11     0.1178E+11     0.4453E+11     0.1839E+01
      55.      2007         1         1     12.00     21.99     0.2096E+00     0.4505E-05     0.9428E-06     0.3562E-05     0.2620E+16     0.5631E+11     0.1178E+11     0.4453E+11     0.1839E+01
      55.      2008         1         1     12.00     21.97     0.2096E+00     0.4505E-05     0.9428E-06     0.3562E-05     0.2620E+16     0.5631E+11     0.1179E+11     0.4453E+11     0.1839E+01
      55.      2009         1         1     12.00     22.03     0.2096E+00     0.4505E-05     0.9426E-06     0.3562E-05     0.2620E+16     0.5631E+11     0.1178E+11     0.4453E+11     0.1839E+01
      55.      2010         1         1     12.00     22.01     0.2096E+00     0.4505E-05     0.9427E-06     0.3562E-05     0.2620E+16     0.5631E+11     0.1178E+11     0.4453E+11     0.1839E+01
      55.      2011         1         1     12.00     21.99     0.2096E+00     0.4505E-05     0.9427E-06     0.3562E-05     0.2620E+16     0.5631E+11     0.1178E+11     0.4453E+11     0.1839E+01
      55.      2012         1         1     12.00     21.97     0.2096E+00     0.4505E-05     0.9428E-06     0.3562E-05     0.2620E+16     0.5631E+11     0.1179E+11     0.4453E+11     0.1839E+01
      55.      2013         1         1     12.00     22.04     0.2096E+00     0.4505E-05     0.9426E-06     0.3562E-05     0.2620E+16     0.5631E+11     0.1178E+11     0.4453E+11     0.1839E+01
      55.      2014         1         1     12.00     22.02     0.2096E+00     0.4505E-05     0.9427E-06     0.3562E-05     0.2620E+16     0.5631E+11     0.1178E+11     0.4453E+11     0.1839E+01
      55.      2015         1         1     12.00     21.99     0.2096E+00     0.4505E-05     0.9427E-06     0.3562E-05     0.2620E+16     0.5631E+11     0.1178E+11     0.4453E+11     0.1839E+01
      55.      2016         1         1     12.00     21.97     0.2096E+00     0.4505E-05     0.9428E-06     0.3562E-05     0.2620E+16     0.5631E+11     0.1178E+11     0.4453E+11     0.1839E+01
      55.      2017         1         1     12.00     22.04     0.2096E+00     0.4505E-05     0.9426E-06     0.3562E-05     0.2620E+16     0.5631E+11     0.1178E+11     0.4453E+11     0.1839E+01
      55.      2018         1         1     12.00     22.02     0.2096E+00     0.4505E-05     0.9427E-06     0.3562E-05     0.2620E+16     0.5631E+11     0.1178E+11     0.4453E+11     0.1839E+01
      55.      2019         1         1     12.00     22.00     0.2096E+00     0.4505E-05     0.9427E-06     0.3562E-05     0.2620E+16     0.5631E+11     0.1178E+11     0.4453E+11     0.1839E+01
      55.      2020         1         1     12.00     21.98     0.2096E+00     0.4505E-05     0.9428E-06     0.3562E-05     0.2620E+16     0.5631E+11     0.1178E+11     0.4453E+11     0.1839E+01
      55.      2021         1         1     12.00     22.04     0.2096E+00     0.4505E-05     0.9426E-06     0.3562E-05     0.2620E+16     0.5631E+11     0.1178E+11     0.4453E+11     0.1839E+01
      55.      2022         1         1     12.00     22.02     0.2096E+00     0.4505E-05     0.9427E-06     0.3562E-05     0.2620E+16     0.5631E+11     0.1178E+11     0.4453E+11     0.1839E+01
      55.      2023         1         1     12.00     22.00     0.2096E+00     0.4505E-05     0.9427E-06     0.3562E-05     0.2620E+16     0.5631E+11     0.1178E+11     0.4453E+11     0.1839E+01
      55.      2024         1         1     12.00     21.98     0.2096E+00     0.4505E-05     0.9428E-06     0.3562E-05     0.2620E+16     0.5631E+11     0.1178E+11     0.4453E+11     0.1839E+01
      55.      2025         1         1     12.00     22.04     0.2096E+00     0.4505E-05     0.9426E-06     0.3562E-05     0.2620E+16     0.5631E+11     0.1178E+11     0.4453E+11     0.1839E+01
      55.      2026         1         1     12.00     22.02     0.2096E+00     0.4505E-05     0.9427E-06     0.3562E-05     0.2620E+16     0.5631E+11     0.1178E+11     0.4453E+11     0.1839E+01
      55.      2027         1         1     12.00     22.00     0.2096E+00     0.4505E-05     0.9427E-06     0.3562E-05     0.2620E+16     0.5631E+11     0.1178E+11     0.4453E+11     0.1839E+01
      55.      2028         1         1     12.00     21.98     0.2096E+00     0.4505E-05     0.9428E-06     0.3562E-05     0.2620E+16     0.5631E+11     0.1178E+11     0.4453E+11     0.1839E+01
      55.      2029         1         1     12.00     22.05     0.2096E+00     0.4505E-05     0.9426E-06     0.3562E-05     0.2620E+16     0.5631E+11     0.1178E+11     0.4453E+11     0.1839E+01
      55.      2030         1         1     12.00     22.03     0.2096E+00     0.4505E-05     0.9426E-06     0.3562E-05     0.2620E+16     0.5631E+11     0.1178E+11     0.4453E+11     0.1839E+01
      55.      2031         1         1     12.00     22.00     0.2096E+00     0.4505E-05     0.9427E-06     0.3562E-05     0.2620E+16     0.5631E+11     0.1178E+11     0.4453E+11     0.1839E+01
      55.      2032         1         1     12.00     21.98     0.2096E+00     0.4505E-05     0.9428E-06     0.3562E-05     0.2620E+16     0.5631E+11     0.1178E+11     0.4453E+11     0.1839E+01
      55.      2033         1         1     12.00     22.05     0.2096E+00     0.4505E-05     0.9426E-06     0.3562E-05     0.2620E+16     0.5631E+11     0.1178E+11     0.4453E+11     0.1839E+01
      55.      2034         1         1     12.00     22.03     0.2096E+00     0.4505E-05     0.9426E-06     0.3562E-05     0.2620E+16     0.5631E+11     0.1178E+11     0.4453E+11     0.1839E+01
      55.      2035         1         1     12.00     22.01     0.2096E+00     0.4505E-05     0.9427E-06     0.3562E-05     0.2620E+16     0.5631E+11     0.1178E+11     0.4453E+11     0.1839E+01
      55.      2036         1         1     12.00     21.99     0.2096E+00     0.4505E-05     0.9428E-06     0.3562E-05     0.2620E+16     0.5631E+11     0.1178E+11     0.4453E+11     0.1839E+01
      55.      2037         1         1     12.00     22.05     0.2096E+00     0.4505E-05     0.9426E-06     0.3562E-05     0.2620E+16     0.5631E+11     0.1178E+11     0.4453E+11     0.1839E+01
      55.      2038         1         1     12.00     22.03     0.2096E+00     0.4505E-05     0.9426E-06     0.3562E-05     0.2620E+16     0.5631E+11     0.1178E+11     0.4453E+11     0.1839E+01
      55.      2039         1         1     12.00     22.01     0.2096E+00     0.4505E-05     0.9427E-06     0.3562E-05     0.2620E+16     0.5631E+11     0.1178E+11     0.4453E+11     0.1839E+01
      55.      2040         1         1     12.00     21.99     0.2096E+00     0.4505E-05     0.9427E-06     0.3562E-05     0.2620E+16     0.5631E+11     0.1178E+11     0.4453E+11     0.1839E+01
      55.      2041         1         1     12.00     22.05     0.2096E+00     0.4505E-05     0.9426E-06     0.3562E-05     0.2620E+16     0.5631E+11     0.1178E+11     0.4453E+11     0.1839E+01
      55.      2042         1         1     12.00     22.03     0.2096E+00     0.4505E-05     0.9426E-06     0.3562E-05     0.2620E+16     0.5631E+11     0.1178E+11     0.4453E+11     0.1839E+01
      55.      2043         1         1     12.00     22.01     0.2096E+00     0.4505E-05     0.9427E-06     0.3562E-05     0.2620E+16     0.5631E+11     0.1178E+11     0.4453E+11     0.1839E+01
      55.      2044         1         1     12.00     21.99     0.2096E+00     0.4505E-05     0.9427E-06     0.3562E-05     0.2620E+16     0.5631E+11     0.1178E+11     0.4453E+11     0.1839E+01
      55.      2045         1         1     12.00     22.06     0.2096E+00     0.4505E-05     0.9425E-06     0.3562E-05     0.2620E+16     0.5631E+11     0.1178E+11     0.4453E+11     0.1839E+01
      55.      2046         1         1     12.00     22.04     0.2096E+00     0.4505E-05     0.9426E-06     0.3562E-05     0.2620E+16     0.5631E+11     0.1178E+11     0.4453E+11     0.1839E+01
      55.      2047         1         1     12.00     22.01     0.2096E+00     0.4505E-05     0.9427E-06     0.3562E-05     0.2620E+16     0.5631E+11     0.1178E+11     0.4453E+11     0.1839E+01
      55.      2048         1         1     12.00     21.99     0.2096E+00     0.4505E-05     0.9427E-06     0.3562E-05     0.2620E+16     0.5631E+11     0.1178E+11     0.4453E+11     0.1839E+01
      55.      2049         1         1     12.00     22.06     0.2096E+00     0.4505E-05     0.9425E-06     0.3562E-05     0.2620E+16     0.5631E+11     0.1178E+11     0.4453E+11     0.1839E+01
