60° latitude
0.26     albedo
30km altitude
   alt.[km]     year     month       day      hour  SZA[deg]         o2-vmr         ox-vmr          o-vmr         o3-vmr    [o2][cm^-3]   [ox][1/cm^3]    [o][1/cm^3]   [o3][1/cm^3]      topo3[DU]
      30.      2000         1         1     12.00     83.05     0.2093E+00     0.1111E-07     0.2036E-12     0.1111E-07     0.7430E+17     0.3942E+10     0.7229E+05     0.3942E+10     0.2987E+01
      30.      2001         1         1     12.00     82.99     0.2093E+00     0.8169E-05     0.1246E-09     0.8169E-05     0.7430E+17     0.2900E+13     0.4424E+08     0.2900E+13     0.5735E+02
      30.      2002         1         1     12.00     83.01     0.2093E+00     0.8177E-05     0.1246E-09     0.8177E-05     0.7430E+17     0.2903E+13     0.4425E+08     0.2903E+13     0.5739E+02
      30.      2003         1         1     12.00     83.03     0.2093E+00     0.8181E-05     0.1246E-09     0.8181E-05     0.7430E+17     0.2904E+13     0.4424E+08     0.2904E+13     0.5742E+02
      30.      2004         1         1     12.00     83.05     0.2093E+00     0.8186E-05     0.1246E-09     0.8185E-05     0.7430E+17     0.2906E+13     0.4423E+08     0.2906E+13     0.5745E+02
      30.      2005         1         1     12.00     82.98     0.2093E+00     0.8173E-05     0.1247E-09     0.8172E-05     0.7430E+17     0.2901E+13     0.4426E+08     0.2901E+13     0.5736E+02
      30.      2006         1         1     12.00     83.01     0.2093E+00     0.8177E-05     0.1247E-09     0.8177E-05     0.7430E+17     0.2903E+13     0.4425E+08     0.2903E+13     0.5739E+02
      30.      2007         1         1     12.00     83.03     0.2093E+00     0.8181E-05     0.1246E-09     0.8181E-05     0.7430E+17     0.2904E+13     0.4424E+08     0.2904E+13     0.5742E+02
      30.      2008         1         1     12.00     83.04     0.2093E+00     0.8185E-05     0.1246E-09     0.8185E-05     0.7430E+17     0.2906E+13     0.4423E+08     0.2906E+13     0.5745E+02
      30.      2009         1         1     12.00     82.98     0.2093E+00     0.8172E-05     0.1247E-09     0.8172E-05     0.7430E+17     0.2901E+13     0.4426E+08     0.2901E+13     0.5736E+02
      30.      2010         1         1     12.00     83.00     0.2093E+00     0.8176E-05     0.1247E-09     0.8176E-05     0.7430E+17     0.2903E+13     0.4425E+08     0.2902E+13     0.5739E+02
      30.      2011         1         1     12.00     83.02     0.2093E+00     0.8180E-05     0.1246E-09     0.8180E-05     0.7430E+17     0.2904E+13     0.4424E+08     0.2904E+13     0.5742E+02
      30.      2012         1         1     12.00     83.04     0.2093E+00     0.8184E-05     0.1246E-09     0.8184E-05     0.7430E+17     0.2905E+13     0.4423E+08     0.2905E+13     0.5744E+02
      30.      2013         1         1     12.00     82.98     0.2093E+00     0.8171E-05     0.1247E-09     0.8171E-05     0.7430E+17     0.2901E+13     0.4426E+08     0.2901E+13     0.5736E+02
      30.      2014         1         1     12.00     83.00     0.2093E+00     0.8176E-05     0.1247E-09     0.8175E-05     0.7430E+17     0.2902E+13     0.4425E+08     0.2902E+13     0.5738E+02
      30.      2015         1         1     12.00     83.02     0.2093E+00     0.8180E-05     0.1246E-09     0.8180E-05     0.7430E+17     0.2904E+13     0.4424E+08     0.2904E+13     0.5741E+02
      30.      2016         1         1     12.00     83.04     0.2093E+00     0.8184E-05     0.1246E-09     0.8184E-05     0.7430E+17     0.2905E+13     0.4423E+08     0.2905E+13     0.5744E+02
      30.      2017         1         1     12.00     82.98     0.2093E+00     0.8171E-05     0.1247E-09     0.8171E-05     0.7430E+17     0.2901E+13     0.4426E+08     0.2901E+13     0.5735E+02
      30.      2018         1         1     12.00     83.00     0.2093E+00     0.8175E-05     0.1247E-09     0.8175E-05     0.7430E+17     0.2902E+13     0.4425E+08     0.2902E+13     0.5738E+02
      30.      2019         1         1     12.00     83.02     0.2093E+00     0.8179E-05     0.1246E-09     0.8179E-05     0.7430E+17     0.2904E+13     0.4424E+08     0.2904E+13     0.5741E+02
      30.      2020         1         1     12.00     83.04     0.2093E+00     0.8183E-05     0.1246E-09     0.8183E-05     0.7430E+17     0.2905E+13     0.4423E+08     0.2905E+13     0.5744E+02
      30.      2021         1         1     12.00     82.97     0.2093E+00     0.8170E-05     0.1247E-09     0.8170E-05     0.7430E+17     0.2900E+13     0.4427E+08     0.2900E+13     0.5735E+02
      30.      2022         1         1     12.00     83.00     0.2093E+00     0.8174E-05     0.1247E-09     0.8174E-05     0.7430E+17     0.2902E+13     0.4425E+08     0.2902E+13     0.5738E+02
      30.      2023         1         1     12.00     83.02     0.2093E+00     0.8178E-05     0.1246E-09     0.8178E-05     0.7430E+17     0.2903E+13     0.4424E+08     0.2903E+13     0.5740E+02
      30.      2024         1         1     12.00     83.04     0.2093E+00     0.8183E-05     0.1246E-09     0.8182E-05     0.7430E+17     0.2905E+13     0.4423E+08     0.2905E+13     0.5743E+02
      30.      2025         1         1     12.00     82.97     0.2093E+00     0.8170E-05     0.1247E-09     0.8170E-05     0.7430E+17     0.2900E+13     0.4427E+08     0.2900E+13     0.5734E+02
      30.      2026         1         1     12.00     82.99     0.2093E+00     0.8174E-05     0.1247E-09     0.8174E-05     0.7430E+17     0.2902E+13     0.4426E+08     0.2902E+13     0.5737E+02
      30.      2027         1         1     12.00     83.01     0.2093E+00     0.8178E-05     0.1246E-09     0.8178E-05     0.7430E+17     0.2903E+13     0.4425E+08     0.2903E+13     0.5740E+02
      30.      2028         1         1     12.00     83.03     0.2093E+00     0.8182E-05     0.1246E-09     0.8182E-05     0.7430E+17     0.2905E+13     0.4424E+08     0.2905E+13     0.5743E+02
      30.      2029         1         1     12.00     82.97     0.2093E+00     0.8169E-05     0.1247E-09     0.8169E-05     0.7430E+17     0.2900E+13     0.4427E+08     0.2900E+13     0.5734E+02
      30.      2030         1         1     12.00     82.99     0.2093E+00     0.8173E-05     0.1247E-09     0.8173E-05     0.7430E+17     0.2902E+13     0.4426E+08     0.2901E+13     0.5737E+02
      30.      2031         1         1     12.00     83.01     0.2093E+00     0.8177E-05     0.1246E-09     0.8177E-05     0.7430E+17     0.2903E+13     0.4425E+08     0.2903E+13     0.5740E+02
      30.      2032         1         1     12.00     83.03     0.2093E+00     0.8181E-05     0.1246E-09     0.8181E-05     0.7430E+17     0.2904E+13     0.4424E+08     0.2904E+13     0.5742E+02
      30.      2033         1         1     12.00     82.97     0.2093E+00     0.8169E-05     0.1247E-09     0.8168E-05     0.7430E+17     0.2900E+13     0.4427E+08     0.2900E+13     0.5734E+02
      30.      2034         1         1     12.00     82.99     0.2093E+00     0.8173E-05     0.1247E-09     0.8173E-05     0.7430E+17     0.2901E+13     0.4426E+08     0.2901E+13     0.5736E+02
      30.      2035         1         1     12.00     83.01     0.2093E+00     0.8177E-05     0.1246E-09     0.8177E-05     0.7430E+17     0.2903E+13     0.4425E+08     0.2903E+13     0.5739E+02
      30.      2036         1         1     12.00     83.03     0.2093E+00     0.8181E-05     0.1246E-09     0.8181E-05     0.7430E+17     0.2904E+13     0.4424E+08     0.2904E+13     0.5742E+02
      30.      2037         1         1     12.00     82.96     0.2093E+00     0.8168E-05     0.1247E-09     0.8168E-05     0.7430E+17     0.2900E+13     0.4427E+08     0.2900E+13     0.5733E+02
      30.      2038         1         1     12.00     82.99     0.2093E+00     0.8172E-05     0.1247E-09     0.8172E-05     0.7430E+17     0.2901E+13     0.4426E+08     0.2901E+13     0.5736E+02
      30.      2039         1         1     12.00     83.01     0.2093E+00     0.8176E-05     0.1246E-09     0.8176E-05     0.7430E+17     0.2903E+13     0.4425E+08     0.2903E+13     0.5739E+02
      30.      2040         1         1     12.00     83.03     0.2093E+00     0.8180E-05     0.1246E-09     0.8180E-05     0.7430E+17     0.2904E+13     0.4424E+08     0.2904E+13     0.5742E+02
      30.      2041         1         1     12.00     82.96     0.2093E+00     0.8167E-05     0.1247E-09     0.8167E-05     0.7430E+17     0.2899E+13     0.4427E+08     0.2899E+13     0.5733E+02
      30.      2042         1         1     12.00     82.98     0.2093E+00     0.8172E-05     0.1247E-09     0.8171E-05     0.7430E+17     0.2901E+13     0.4426E+08     0.2901E+13     0.5736E+02
      30.      2043         1         1     12.00     83.00     0.2093E+00     0.8176E-05     0.1246E-09     0.8176E-05     0.7430E+17     0.2902E+13     0.4425E+08     0.2902E+13     0.5739E+02
      30.      2044         1         1     12.00     83.02     0.2093E+00     0.8180E-05     0.1246E-09     0.8180E-05     0.7430E+17     0.2904E+13     0.4424E+08     0.2904E+13     0.5741E+02
      30.      2045         1         1     12.00     82.96     0.2093E+00     0.8167E-05     0.1247E-09     0.8167E-05     0.7430E+17     0.2899E+13     0.4427E+08     0.2899E+13     0.5733E+02
      30.      2046         1         1     12.00     82.98     0.2093E+00     0.8171E-05     0.1247E-09     0.8171E-05     0.7430E+17     0.2901E+13     0.4426E+08     0.2901E+13     0.5735E+02
      30.      2047         1         1     12.00     83.00     0.2093E+00     0.8175E-05     0.1246E-09     0.8175E-05     0.7430E+17     0.2902E+13     0.4425E+08     0.2902E+13     0.5738E+02
      30.      2048         1         1     12.00     83.02     0.2093E+00     0.8179E-05     0.1246E-09     0.8179E-05     0.7430E+17     0.2904E+13     0.4424E+08     0.2904E+13     0.5741E+02
      30.      2049         1         1     12.00     82.96     0.2093E+00     0.8166E-05     0.1247E-09     0.8166E-05     0.7430E+17     0.2899E+13     0.4427E+08     0.2899E+13     0.5732E+02
