-60° latitude
0.15     albedo
01km altitude
   alt.[km]     year     month       day      hour  SZA[deg]         o2-vmr         ox-vmr          o-vmr         o3-vmr    [o2][cm^-3]   [ox][1/cm^3]    [o][1/cm^3]   [o3][1/cm^3]      topo3[DU]
       1.      2000         1         1     12.00     36.96     0.2095E+00     0.0000E+00     0.0000E+00     0.0000E+00     0.5050E+19     0.0000E+00     0.0000E+00     0.0000E+00     0.3526E+02
       1.      2001         1         1     12.00     37.02     0.2095E+00     0.0000E+00     0.0000E+00     0.0000E+00     0.5050E+19     0.0000E+00     0.0000E+00     0.0000E+00     0.2482E+03
       1.      2002         1         1     12.00     37.00     0.2095E+00     0.0000E+00     0.0000E+00     0.0000E+00     0.5050E+19     0.0000E+00     0.0000E+00     0.0000E+00     0.2694E+03
       1.      2003         1         1     12.00     36.98     0.2095E+00     0.0000E+00     0.0000E+00     0.0000E+00     0.5050E+19     0.0000E+00     0.0000E+00     0.0000E+00     0.2805E+03
       1.      2004         1         1     12.00     36.96     0.2095E+00     0.0000E+00     0.0000E+00     0.0000E+00     0.5050E+19     0.0000E+00     0.0000E+00     0.0000E+00     0.2877E+03
       1.      2005         1         1     12.00     37.02     0.2095E+00     0.0000E+00     0.0000E+00     0.0000E+00     0.5050E+19     0.0000E+00     0.0000E+00     0.0000E+00     0.2932E+03
       1.      2006         1         1     12.00     37.00     0.2095E+00     0.0000E+00     0.0000E+00     0.0000E+00     0.5050E+19     0.0000E+00     0.0000E+00     0.0000E+00     0.2974E+03
       1.      2007         1         1     12.00     36.98     0.2095E+00     0.0000E+00     0.0000E+00     0.0000E+00     0.5050E+19     0.0000E+00     0.0000E+00     0.0000E+00     0.3009E+03
       1.      2008         1         1     12.00     36.96     0.2095E+00     0.0000E+00     0.0000E+00     0.0000E+00     0.5050E+19     0.0000E+00     0.0000E+00     0.0000E+00     0.3038E+03
       1.      2009         1         1     12.00     37.03     0.2095E+00     0.0000E+00     0.0000E+00     0.0000E+00     0.5050E+19     0.0000E+00     0.0000E+00     0.0000E+00     0.3066E+03
       1.      2010         1         1     12.00     37.01     0.2095E+00     0.0000E+00     0.0000E+00     0.0000E+00     0.5050E+19     0.0000E+00     0.0000E+00     0.0000E+00     0.3088E+03
       1.      2011         1         1     12.00     36.99     0.2095E+00     0.0000E+00     0.0000E+00     0.0000E+00     0.5050E+19     0.0000E+00     0.0000E+00     0.0000E+00     0.3107E+03
       1.      2012         1         1     12.00     36.97     0.2095E+00     0.0000E+00     0.0000E+00     0.0000E+00     0.5050E+19     0.0000E+00     0.0000E+00     0.0000E+00     0.3124E+03
       1.      2013         1         1     12.00     37.03     0.2095E+00     0.0000E+00     0.0000E+00     0.0000E+00     0.5050E+19     0.0000E+00     0.0000E+00     0.0000E+00     0.3142E+03
       1.      2014         1         1     12.00     37.01     0.2095E+00     0.0000E+00     0.0000E+00     0.0000E+00     0.5050E+19     0.0000E+00     0.0000E+00     0.0000E+00     0.3156E+03
       1.      2015         1         1     12.00     36.99     0.2095E+00     0.0000E+00     0.0000E+00     0.0000E+00     0.5050E+19     0.0000E+00     0.0000E+00     0.0000E+00     0.3169E+03
       1.      2016         1         1     12.00     36.97     0.2095E+00     0.0000E+00     0.0000E+00     0.0000E+00     0.5050E+19     0.0000E+00     0.0000E+00     0.0000E+00     0.3181E+03
       1.      2017         1         1     12.00     37.03     0.2095E+00     0.0000E+00     0.0000E+00     0.0000E+00     0.5050E+19     0.0000E+00     0.0000E+00     0.0000E+00     0.3194E+03
       1.      2018         1         1     12.00     37.01     0.2095E+00     0.0000E+00     0.0000E+00     0.0000E+00     0.5050E+19     0.0000E+00     0.0000E+00     0.0000E+00     0.3204E+03
       1.      2019         1         1     12.00     36.99     0.2095E+00     0.0000E+00     0.0000E+00     0.0000E+00     0.5050E+19     0.0000E+00     0.0000E+00     0.0000E+00     0.3214E+03
       1.      2020         1         1     12.00     36.97     0.2095E+00     0.0000E+00     0.0000E+00     0.0000E+00     0.5050E+19     0.0000E+00     0.0000E+00     0.0000E+00     0.3223E+03
       1.      2021         1         1     12.00     37.03     0.2095E+00     0.0000E+00     0.0000E+00     0.0000E+00     0.5050E+19     0.0000E+00     0.0000E+00     0.0000E+00     0.3234E+03
       1.      2022         1         1     12.00     37.01     0.2095E+00     0.0000E+00     0.0000E+00     0.0000E+00     0.5050E+19     0.0000E+00     0.0000E+00     0.0000E+00     0.3242E+03
       1.      2023         1         1     12.00     36.99     0.2095E+00     0.0000E+00     0.0000E+00     0.0000E+00     0.5050E+19     0.0000E+00     0.0000E+00     0.0000E+00     0.3250E+03
       1.      2024         1         1     12.00     36.97     0.2095E+00     0.0000E+00     0.0000E+00     0.0000E+00     0.5050E+19     0.0000E+00     0.0000E+00     0.0000E+00     0.3257E+03
       1.      2025         1         1     12.00     37.04     0.2095E+00     0.0000E+00     0.0000E+00     0.0000E+00     0.5050E+19     0.0000E+00     0.0000E+00     0.0000E+00     0.3266E+03
       1.      2026         1         1     12.00     37.02     0.2095E+00     0.0000E+00     0.0000E+00     0.0000E+00     0.5050E+19     0.0000E+00     0.0000E+00     0.0000E+00     0.3273E+03
       1.      2027         1         1     12.00     37.00     0.2095E+00     0.0000E+00     0.0000E+00     0.0000E+00     0.5050E+19     0.0000E+00     0.0000E+00     0.0000E+00     0.3279E+03
       1.      2028         1         1     12.00     36.98     0.2095E+00     0.0000E+00     0.0000E+00     0.0000E+00     0.5050E+19     0.0000E+00     0.0000E+00     0.0000E+00     0.3285E+03
       1.      2029         1         1     12.00     37.04     0.2095E+00     0.0000E+00     0.0000E+00     0.0000E+00     0.5050E+19     0.0000E+00     0.0000E+00     0.0000E+00     0.3292E+03
       1.      2030         1         1     12.00     37.02     0.2095E+00     0.0000E+00     0.0000E+00     0.0000E+00     0.5050E+19     0.0000E+00     0.0000E+00     0.0000E+00     0.3298E+03
       1.      2031         1         1     12.00     37.00     0.2095E+00     0.0000E+00     0.0000E+00     0.0000E+00     0.5050E+19     0.0000E+00     0.0000E+00     0.0000E+00     0.3303E+03
       1.      2032         1         1     12.00     36.98     0.2095E+00     0.0000E+00     0.0000E+00     0.0000E+00     0.5050E+19     0.0000E+00     0.0000E+00     0.0000E+00     0.3308E+03
       1.      2033         1         1     12.00     37.04     0.2095E+00     0.0000E+00     0.0000E+00     0.0000E+00     0.5050E+19     0.0000E+00     0.0000E+00     0.0000E+00     0.3315E+03
       1.      2034         1         1     12.00     37.02     0.2095E+00     0.0000E+00     0.0000E+00     0.0000E+00     0.5050E+19     0.0000E+00     0.0000E+00     0.0000E+00     0.3319E+03
       1.      2035         1         1     12.00     37.00     0.2095E+00     0.0000E+00     0.0000E+00     0.0000E+00     0.5050E+19     0.0000E+00     0.0000E+00     0.0000E+00     0.3323E+03
       1.      2036         1         1     12.00     36.98     0.2095E+00     0.0000E+00     0.0000E+00     0.0000E+00     0.5050E+19     0.0000E+00     0.0000E+00     0.0000E+00     0.3327E+03
       1.      2037         1         1     12.00     37.04     0.2095E+00     0.0000E+00     0.0000E+00     0.0000E+00     0.5050E+19     0.0000E+00     0.0000E+00     0.0000E+00     0.3333E+03
       1.      2038         1         1     12.00     37.02     0.2095E+00     0.0000E+00     0.0000E+00     0.0000E+00     0.5050E+19     0.0000E+00     0.0000E+00     0.0000E+00     0.3337E+03
       1.      2039         1         1     12.00     37.00     0.2095E+00     0.0000E+00     0.0000E+00     0.0000E+00     0.5050E+19     0.0000E+00     0.0000E+00     0.0000E+00     0.3341E+03
       1.      2040         1         1     12.00     36.98     0.2095E+00     0.0000E+00     0.0000E+00     0.0000E+00     0.5050E+19     0.0000E+00     0.0000E+00     0.0000E+00     0.3344E+03
       1.      2041         1         1     12.00     37.05     0.2095E+00     0.0000E+00     0.0000E+00     0.0000E+00     0.5050E+19     0.0000E+00     0.0000E+00     0.0000E+00     0.3349E+03
       1.      2042         1         1     12.00     37.03     0.2095E+00     0.0000E+00     0.0000E+00     0.0000E+00     0.5050E+19     0.0000E+00     0.0000E+00     0.0000E+00     0.3352E+03
       1.      2043         1         1     12.00     37.00     0.2095E+00     0.0000E+00     0.0000E+00     0.0000E+00     0.5050E+19     0.0000E+00     0.0000E+00     0.0000E+00     0.3355E+03
       1.      2044         1         1     12.00     36.98     0.2095E+00     0.0000E+00     0.0000E+00     0.0000E+00     0.5050E+19     0.0000E+00     0.0000E+00     0.0000E+00     0.3358E+03
       1.      2045         1         1     12.00     37.05     0.2095E+00     0.0000E+00     0.0000E+00     0.0000E+00     0.5050E+19     0.0000E+00     0.0000E+00     0.0000E+00     0.3363E+03
       1.      2046         1         1     12.00     37.03     0.2095E+00     0.0000E+00     0.0000E+00     0.0000E+00     0.5050E+19     0.0000E+00     0.0000E+00     0.0000E+00     0.3366E+03
       1.      2047         1         1     12.00     37.01     0.2095E+00     0.0000E+00     0.0000E+00     0.0000E+00     0.5050E+19     0.0000E+00     0.0000E+00     0.0000E+00     0.3368E+03
       1.      2048         1         1     12.00     36.99     0.2095E+00     0.0000E+00     0.0000E+00     0.0000E+00     0.5050E+19     0.0000E+00     0.0000E+00     0.0000E+00     0.3371E+03
       1.      2049         1         1     12.00     37.05     0.2095E+00     0.0000E+00     0.0000E+00     0.0000E+00     0.5050E+19     0.0000E+00     0.0000E+00     0.0000E+00     0.3375E+03
