60° latitude
0.26     albedo
01km altitude
   alt.[km]     year     month       day      hour  SZA[deg]         o2-vmr         ox-vmr          o-vmr         o3-vmr    [o2][cm^-3]   [ox][1/cm^3]    [o][1/cm^3]   [o3][1/cm^3]      topo3[DU]
       1.      2000         1         1     12.00     83.05     0.2095E+00     0.0000E+00     0.0000E+00     0.0000E+00     0.5050E+19     0.0000E+00     0.0000E+00     0.0000E+00     0.3082E+01
       1.      2001         1         1     12.00     82.99     0.2095E+00     0.0000E+00     0.0000E+00     0.0000E+00     0.5050E+19     0.0000E+00     0.0000E+00     0.0000E+00     0.1714E+03
       1.      2002         1         1     12.00     83.01     0.2095E+00     0.0000E+00     0.0000E+00     0.0000E+00     0.5050E+19     0.0000E+00     0.0000E+00     0.0000E+00     0.1957E+03
       1.      2003         1         1     12.00     83.03     0.2095E+00     0.0000E+00     0.0000E+00     0.0000E+00     0.5050E+19     0.0000E+00     0.0000E+00     0.0000E+00     0.2079E+03
       1.      2004         1         1     12.00     83.05     0.2095E+00     0.0000E+00     0.0000E+00     0.0000E+00     0.5050E+19     0.0000E+00     0.0000E+00     0.0000E+00     0.2158E+03
       1.      2005         1         1     12.00     82.98     0.2095E+00     0.0000E+00     0.0000E+00     0.0000E+00     0.5050E+19     0.0000E+00     0.0000E+00     0.0000E+00     0.2213E+03
       1.      2006         1         1     12.00     83.01     0.2095E+00     0.0000E+00     0.0000E+00     0.0000E+00     0.5050E+19     0.0000E+00     0.0000E+00     0.0000E+00     0.2259E+03
       1.      2007         1         1     12.00     83.03     0.2095E+00     0.0000E+00     0.0000E+00     0.0000E+00     0.5050E+19     0.0000E+00     0.0000E+00     0.0000E+00     0.2297E+03
       1.      2008         1         1     12.00     83.04     0.2095E+00     0.0000E+00     0.0000E+00     0.0000E+00     0.5050E+19     0.0000E+00     0.0000E+00     0.0000E+00     0.2329E+03
       1.      2009         1         1     12.00     82.98     0.2095E+00     0.0000E+00     0.0000E+00     0.0000E+00     0.5050E+19     0.0000E+00     0.0000E+00     0.0000E+00     0.2354E+03
       1.      2010         1         1     12.00     83.00     0.2095E+00     0.0000E+00     0.0000E+00     0.0000E+00     0.5050E+19     0.0000E+00     0.0000E+00     0.0000E+00     0.2378E+03
       1.      2011         1         1     12.00     83.02     0.2095E+00     0.0000E+00     0.0000E+00     0.0000E+00     0.5050E+19     0.0000E+00     0.0000E+00     0.0000E+00     0.2399E+03
       1.      2012         1         1     12.00     83.04     0.2095E+00     0.0000E+00     0.0000E+00     0.0000E+00     0.5050E+19     0.0000E+00     0.0000E+00     0.0000E+00     0.2418E+03
       1.      2013         1         1     12.00     82.98     0.2095E+00     0.0000E+00     0.0000E+00     0.0000E+00     0.5050E+19     0.0000E+00     0.0000E+00     0.0000E+00     0.2433E+03
       1.      2014         1         1     12.00     83.00     0.2095E+00     0.0000E+00     0.0000E+00     0.0000E+00     0.5050E+19     0.0000E+00     0.0000E+00     0.0000E+00     0.2449E+03
       1.      2015         1         1     12.00     83.02     0.2095E+00     0.0000E+00     0.0000E+00     0.0000E+00     0.5050E+19     0.0000E+00     0.0000E+00     0.0000E+00     0.2463E+03
       1.      2016         1         1     12.00     83.04     0.2095E+00     0.0000E+00     0.0000E+00     0.0000E+00     0.5050E+19     0.0000E+00     0.0000E+00     0.0000E+00     0.2476E+03
       1.      2017         1         1     12.00     82.98     0.2095E+00     0.0000E+00     0.0000E+00     0.0000E+00     0.5050E+19     0.0000E+00     0.0000E+00     0.0000E+00     0.2487E+03
       1.      2018         1         1     12.00     83.00     0.2095E+00     0.0000E+00     0.0000E+00     0.0000E+00     0.5050E+19     0.0000E+00     0.0000E+00     0.0000E+00     0.2499E+03
       1.      2019         1         1     12.00     83.02     0.2095E+00     0.0000E+00     0.0000E+00     0.0000E+00     0.5050E+19     0.0000E+00     0.0000E+00     0.0000E+00     0.2510E+03
       1.      2020         1         1     12.00     83.04     0.2095E+00     0.0000E+00     0.0000E+00     0.0000E+00     0.5050E+19     0.0000E+00     0.0000E+00     0.0000E+00     0.2520E+03
       1.      2021         1         1     12.00     82.97     0.2095E+00     0.0000E+00     0.0000E+00     0.0000E+00     0.5050E+19     0.0000E+00     0.0000E+00     0.0000E+00     0.2528E+03
       1.      2022         1         1     12.00     83.00     0.2095E+00     0.0000E+00     0.0000E+00     0.0000E+00     0.5050E+19     0.0000E+00     0.0000E+00     0.0000E+00     0.2537E+03
       1.      2023         1         1     12.00     83.02     0.2095E+00     0.0000E+00     0.0000E+00     0.0000E+00     0.5050E+19     0.0000E+00     0.0000E+00     0.0000E+00     0.2546E+03
       1.      2024         1         1     12.00     83.04     0.2095E+00     0.0000E+00     0.0000E+00     0.0000E+00     0.5050E+19     0.0000E+00     0.0000E+00     0.0000E+00     0.2555E+03
       1.      2025         1         1     12.00     82.97     0.2095E+00     0.0000E+00     0.0000E+00     0.0000E+00     0.5050E+19     0.0000E+00     0.0000E+00     0.0000E+00     0.2561E+03
       1.      2026         1         1     12.00     82.99     0.2095E+00     0.0000E+00     0.0000E+00     0.0000E+00     0.5050E+19     0.0000E+00     0.0000E+00     0.0000E+00     0.2568E+03
       1.      2027         1         1     12.00     83.01     0.2095E+00     0.0000E+00     0.0000E+00     0.0000E+00     0.5050E+19     0.0000E+00     0.0000E+00     0.0000E+00     0.2576E+03
       1.      2028         1         1     12.00     83.03     0.2095E+00     0.0000E+00     0.0000E+00     0.0000E+00     0.5050E+19     0.0000E+00     0.0000E+00     0.0000E+00     0.2583E+03
       1.      2029         1         1     12.00     82.97     0.2095E+00     0.0000E+00     0.0000E+00     0.0000E+00     0.5050E+19     0.0000E+00     0.0000E+00     0.0000E+00     0.2587E+03
       1.      2030         1         1     12.00     82.99     0.2095E+00     0.0000E+00     0.0000E+00     0.0000E+00     0.5050E+19     0.0000E+00     0.0000E+00     0.0000E+00     0.2594E+03
       1.      2031         1         1     12.00     83.01     0.2095E+00     0.0000E+00     0.0000E+00     0.0000E+00     0.5050E+19     0.0000E+00     0.0000E+00     0.0000E+00     0.2600E+03
       1.      2032         1         1     12.00     83.03     0.2095E+00     0.0000E+00     0.0000E+00     0.0000E+00     0.5050E+19     0.0000E+00     0.0000E+00     0.0000E+00     0.2606E+03
       1.      2033         1         1     12.00     82.97     0.2095E+00     0.0000E+00     0.0000E+00     0.0000E+00     0.5050E+19     0.0000E+00     0.0000E+00     0.0000E+00     0.2609E+03
       1.      2034         1         1     12.00     82.99     0.2095E+00     0.0000E+00     0.0000E+00     0.0000E+00     0.5050E+19     0.0000E+00     0.0000E+00     0.0000E+00     0.2615E+03
       1.      2035         1         1     12.00     83.01     0.2095E+00     0.0000E+00     0.0000E+00     0.0000E+00     0.5050E+19     0.0000E+00     0.0000E+00     0.0000E+00     0.2620E+03
       1.      2036         1         1     12.00     83.03     0.2095E+00     0.0000E+00     0.0000E+00     0.0000E+00     0.5050E+19     0.0000E+00     0.0000E+00     0.0000E+00     0.2625E+03
       1.      2037         1         1     12.00     82.96     0.2095E+00     0.0000E+00     0.0000E+00     0.0000E+00     0.5050E+19     0.0000E+00     0.0000E+00     0.0000E+00     0.2628E+03
       1.      2038         1         1     12.00     82.99     0.2095E+00     0.0000E+00     0.0000E+00     0.0000E+00     0.5050E+19     0.0000E+00     0.0000E+00     0.0000E+00     0.2633E+03
       1.      2039         1         1     12.00     83.01     0.2095E+00     0.0000E+00     0.0000E+00     0.0000E+00     0.5050E+19     0.0000E+00     0.0000E+00     0.0000E+00     0.2637E+03
       1.      2040         1         1     12.00     83.03     0.2095E+00     0.0000E+00     0.0000E+00     0.0000E+00     0.5050E+19     0.0000E+00     0.0000E+00     0.0000E+00     0.2641E+03
       1.      2041         1         1     12.00     82.96     0.2095E+00     0.0000E+00     0.0000E+00     0.0000E+00     0.5050E+19     0.0000E+00     0.0000E+00     0.0000E+00     0.2644E+03
       1.      2042         1         1     12.00     82.98     0.2095E+00     0.0000E+00     0.0000E+00     0.0000E+00     0.5050E+19     0.0000E+00     0.0000E+00     0.0000E+00     0.2648E+03
       1.      2043         1         1     12.00     83.00     0.2095E+00     0.0000E+00     0.0000E+00     0.0000E+00     0.5050E+19     0.0000E+00     0.0000E+00     0.0000E+00     0.2652E+03
       1.      2044         1         1     12.00     83.02     0.2095E+00     0.0000E+00     0.0000E+00     0.0000E+00     0.5050E+19     0.0000E+00     0.0000E+00     0.0000E+00     0.2656E+03
       1.      2045         1         1     12.00     82.96     0.2095E+00     0.0000E+00     0.0000E+00     0.0000E+00     0.5050E+19     0.0000E+00     0.0000E+00     0.0000E+00     0.2657E+03
       1.      2046         1         1     12.00     82.98     0.2095E+00     0.0000E+00     0.0000E+00     0.0000E+00     0.5050E+19     0.0000E+00     0.0000E+00     0.0000E+00     0.2661E+03
       1.      2047         1         1     12.00     83.00     0.2095E+00     0.0000E+00     0.0000E+00     0.0000E+00     0.5050E+19     0.0000E+00     0.0000E+00     0.0000E+00     0.2664E+03
       1.      2048         1         1     12.00     83.02     0.2095E+00     0.0000E+00     0.0000E+00     0.0000E+00     0.5050E+19     0.0000E+00     0.0000E+00     0.0000E+00     0.2668E+03
       1.      2049         1         1     12.00     82.96     0.2095E+00     0.0000E+00     0.0000E+00     0.0000E+00     0.5050E+19     0.0000E+00     0.0000E+00     0.0000E+00     0.2669E+03
