-75° latitude
0.68     albedo
04km altitude
   alt.[km]     year     month       day      hour  SZA[deg]         o2-vmr         ox-vmr          o-vmr         o3-vmr    [o2][cm^-3]   [ox][1/cm^3]    [o][1/cm^3]   [o3][1/cm^3]      topo3[DU]
       4.      2000         1         1     12.00     51.96     0.2098E+00     0.0000E+00     0.0000E+00     0.0000E+00     0.3630E+19     0.0000E+00     0.0000E+00     0.0000E+00     0.3083E+02
       4.      2001         1         1     12.00     52.02     0.2098E+00     0.0000E+00     0.0000E+00     0.0000E+00     0.3630E+19     0.0000E+00     0.0000E+00     0.0000E+00     0.1851E+03
       4.      2002         1         1     12.00     52.00     0.2098E+00     0.0000E+00     0.0000E+00     0.0000E+00     0.3630E+19     0.0000E+00     0.0000E+00     0.0000E+00     0.2013E+03
       4.      2003         1         1     12.00     51.98     0.2098E+00     0.0000E+00     0.0000E+00     0.0000E+00     0.3630E+19     0.0000E+00     0.0000E+00     0.0000E+00     0.2100E+03
       4.      2004         1         1     12.00     51.96     0.2098E+00     0.0000E+00     0.0000E+00     0.0000E+00     0.3630E+19     0.0000E+00     0.0000E+00     0.0000E+00     0.2155E+03
       4.      2005         1         1     12.00     52.02     0.2098E+00     0.0000E+00     0.0000E+00     0.0000E+00     0.3630E+19     0.0000E+00     0.0000E+00     0.0000E+00     0.2196E+03
       4.      2006         1         1     12.00     52.00     0.2098E+00     0.0000E+00     0.0000E+00     0.0000E+00     0.3630E+19     0.0000E+00     0.0000E+00     0.0000E+00     0.2228E+03
       4.      2007         1         1     12.00     51.98     0.2098E+00     0.0000E+00     0.0000E+00     0.0000E+00     0.3630E+19     0.0000E+00     0.0000E+00     0.0000E+00     0.2254E+03
       4.      2008         1         1     12.00     51.96     0.2098E+00     0.0000E+00     0.0000E+00     0.0000E+00     0.3630E+19     0.0000E+00     0.0000E+00     0.0000E+00     0.2276E+03
       4.      2009         1         1     12.00     52.02     0.2098E+00     0.0000E+00     0.0000E+00     0.0000E+00     0.3630E+19     0.0000E+00     0.0000E+00     0.0000E+00     0.2296E+03
       4.      2010         1         1     12.00     52.00     0.2098E+00     0.0000E+00     0.0000E+00     0.0000E+00     0.3630E+19     0.0000E+00     0.0000E+00     0.0000E+00     0.2312E+03
       4.      2011         1         1     12.00     51.98     0.2098E+00     0.0000E+00     0.0000E+00     0.0000E+00     0.3630E+19     0.0000E+00     0.0000E+00     0.0000E+00     0.2327E+03
       4.      2012         1         1     12.00     51.96     0.2098E+00     0.0000E+00     0.0000E+00     0.0000E+00     0.3630E+19     0.0000E+00     0.0000E+00     0.0000E+00     0.2340E+03
       4.      2013         1         1     12.00     52.03     0.2098E+00     0.0000E+00     0.0000E+00     0.0000E+00     0.3630E+19     0.0000E+00     0.0000E+00     0.0000E+00     0.2352E+03
       4.      2014         1         1     12.00     52.01     0.2098E+00     0.0000E+00     0.0000E+00     0.0000E+00     0.3630E+19     0.0000E+00     0.0000E+00     0.0000E+00     0.2363E+03
       4.      2015         1         1     12.00     51.99     0.2098E+00     0.0000E+00     0.0000E+00     0.0000E+00     0.3630E+19     0.0000E+00     0.0000E+00     0.0000E+00     0.2372E+03
       4.      2016         1         1     12.00     51.97     0.2098E+00     0.0000E+00     0.0000E+00     0.0000E+00     0.3630E+19     0.0000E+00     0.0000E+00     0.0000E+00     0.2381E+03
       4.      2017         1         1     12.00     52.03     0.2098E+00     0.0000E+00     0.0000E+00     0.0000E+00     0.3630E+19     0.0000E+00     0.0000E+00     0.0000E+00     0.2390E+03
       4.      2018         1         1     12.00     52.01     0.2098E+00     0.0000E+00     0.0000E+00     0.0000E+00     0.3630E+19     0.0000E+00     0.0000E+00     0.0000E+00     0.2398E+03
       4.      2019         1         1     12.00     51.99     0.2098E+00     0.0000E+00     0.0000E+00     0.0000E+00     0.3630E+19     0.0000E+00     0.0000E+00     0.0000E+00     0.2405E+03
       4.      2020         1         1     12.00     51.97     0.2098E+00     0.0000E+00     0.0000E+00     0.0000E+00     0.3630E+19     0.0000E+00     0.0000E+00     0.0000E+00     0.2411E+03
       4.      2021         1         1     12.00     52.03     0.2098E+00     0.0000E+00     0.0000E+00     0.0000E+00     0.3630E+19     0.0000E+00     0.0000E+00     0.0000E+00     0.2419E+03
       4.      2022         1         1     12.00     52.01     0.2098E+00     0.0000E+00     0.0000E+00     0.0000E+00     0.3630E+19     0.0000E+00     0.0000E+00     0.0000E+00     0.2424E+03
       4.      2023         1         1     12.00     51.99     0.2098E+00     0.0000E+00     0.0000E+00     0.0000E+00     0.3630E+19     0.0000E+00     0.0000E+00     0.0000E+00     0.2430E+03
       4.      2024         1         1     12.00     51.97     0.2098E+00     0.0000E+00     0.0000E+00     0.0000E+00     0.3630E+19     0.0000E+00     0.0000E+00     0.0000E+00     0.2435E+03
       4.      2025         1         1     12.00     52.03     0.2098E+00     0.0000E+00     0.0000E+00     0.0000E+00     0.3630E+19     0.0000E+00     0.0000E+00     0.0000E+00     0.2441E+03
       4.      2026         1         1     12.00     52.01     0.2098E+00     0.0000E+00     0.0000E+00     0.0000E+00     0.3630E+19     0.0000E+00     0.0000E+00     0.0000E+00     0.2446E+03
       4.      2027         1         1     12.00     51.99     0.2098E+00     0.0000E+00     0.0000E+00     0.0000E+00     0.3630E+19     0.0000E+00     0.0000E+00     0.0000E+00     0.2451E+03
       4.      2028         1         1     12.00     51.97     0.2098E+00     0.0000E+00     0.0000E+00     0.0000E+00     0.3630E+19     0.0000E+00     0.0000E+00     0.0000E+00     0.2455E+03
       4.      2029         1         1     12.00     52.04     0.2098E+00     0.0000E+00     0.0000E+00     0.0000E+00     0.3630E+19     0.0000E+00     0.0000E+00     0.0000E+00     0.2460E+03
       4.      2030         1         1     12.00     52.02     0.2098E+00     0.0000E+00     0.0000E+00     0.0000E+00     0.3630E+19     0.0000E+00     0.0000E+00     0.0000E+00     0.2464E+03
       4.      2031         1         1     12.00     51.99     0.2098E+00     0.0000E+00     0.0000E+00     0.0000E+00     0.3630E+19     0.0000E+00     0.0000E+00     0.0000E+00     0.2468E+03
       4.      2032         1         1     12.00     51.97     0.2098E+00     0.0000E+00     0.0000E+00     0.0000E+00     0.3630E+19     0.0000E+00     0.0000E+00     0.0000E+00     0.2472E+03
       4.      2033         1         1     12.00     52.04     0.2098E+00     0.0000E+00     0.0000E+00     0.0000E+00     0.3630E+19     0.0000E+00     0.0000E+00     0.0000E+00     0.2477E+03
       4.      2034         1         1     12.00     52.02     0.2098E+00     0.0000E+00     0.0000E+00     0.0000E+00     0.3630E+19     0.0000E+00     0.0000E+00     0.0000E+00     0.2480E+03
       4.      2035         1         1     12.00     52.00     0.2098E+00     0.0000E+00     0.0000E+00     0.0000E+00     0.3630E+19     0.0000E+00     0.0000E+00     0.0000E+00     0.2483E+03
       4.      2036         1         1     12.00     51.98     0.2098E+00     0.0000E+00     0.0000E+00     0.0000E+00     0.3630E+19     0.0000E+00     0.0000E+00     0.0000E+00     0.2486E+03
       4.      2037         1         1     12.00     52.04     0.2098E+00     0.0000E+00     0.0000E+00     0.0000E+00     0.3630E+19     0.0000E+00     0.0000E+00     0.0000E+00     0.2490E+03
       4.      2038         1         1     12.00     52.02     0.2098E+00     0.0000E+00     0.0000E+00     0.0000E+00     0.3630E+19     0.0000E+00     0.0000E+00     0.0000E+00     0.2493E+03
       4.      2039         1         1     12.00     52.00     0.2098E+00     0.0000E+00     0.0000E+00     0.0000E+00     0.3630E+19     0.0000E+00     0.0000E+00     0.0000E+00     0.2496E+03
       4.      2040         1         1     12.00     51.98     0.2098E+00     0.0000E+00     0.0000E+00     0.0000E+00     0.3630E+19     0.0000E+00     0.0000E+00     0.0000E+00     0.2499E+03
       4.      2041         1         1     12.00     52.04     0.2098E+00     0.0000E+00     0.0000E+00     0.0000E+00     0.3630E+19     0.0000E+00     0.0000E+00     0.0000E+00     0.2502E+03
       4.      2042         1         1     12.00     52.02     0.2098E+00     0.0000E+00     0.0000E+00     0.0000E+00     0.3630E+19     0.0000E+00     0.0000E+00     0.0000E+00     0.2505E+03
       4.      2043         1         1     12.00     52.00     0.2098E+00     0.0000E+00     0.0000E+00     0.0000E+00     0.3630E+19     0.0000E+00     0.0000E+00     0.0000E+00     0.2507E+03
       4.      2044         1         1     12.00     51.98     0.2098E+00     0.0000E+00     0.0000E+00     0.0000E+00     0.3630E+19     0.0000E+00     0.0000E+00     0.0000E+00     0.2509E+03
       4.      2045         1         1     12.00     52.05     0.2098E+00     0.0000E+00     0.0000E+00     0.0000E+00     0.3630E+19     0.0000E+00     0.0000E+00     0.0000E+00     0.2513E+03
       4.      2046         1         1     12.00     52.03     0.2098E+00     0.0000E+00     0.0000E+00     0.0000E+00     0.3630E+19     0.0000E+00     0.0000E+00     0.0000E+00     0.2515E+03
       4.      2047         1         1     12.00     52.00     0.2098E+00     0.0000E+00     0.0000E+00     0.0000E+00     0.3630E+19     0.0000E+00     0.0000E+00     0.0000E+00     0.2517E+03
       4.      2048         1         1     12.00     51.98     0.2098E+00     0.0000E+00     0.0000E+00     0.0000E+00     0.3630E+19     0.0000E+00     0.0000E+00     0.0000E+00     0.2519E+03
       4.      2049         1         1     12.00     52.05     0.2098E+00     0.0000E+00     0.0000E+00     0.0000E+00     0.3630E+19     0.0000E+00     0.0000E+00     0.0000E+00     0.2522E+03
