75° latitude
0.45     albedo
70km altitude
   alt.[km]     year     month       day      hour  SZA[deg]         o2-vmr         ox-vmr          o-vmr         o3-vmr    [o2][cm^-3]   [ox][1/cm^3]    [o][1/cm^3]   [o3][1/cm^3]      topo3[DU]
      70.      2000         1         1     12.00     98.05     0.2094E+00     0.0000E+00     0.0000E+00     0.0000E+00     0.4230E+15     0.0000E+00     0.0000E+00     0.0000E+00     0.0000E+00
      70.      2001         1         1     12.00     97.99     0.2094E+00     0.1861E-04     0.0000E+00     0.1861E-04     0.4230E+15     0.3760E+11     0.0000E+00     0.3760E+11     0.9086E+00
      70.      2002         1         1     12.00     98.01     0.2094E+00     0.1861E-04     0.0000E+00     0.1861E-04     0.4230E+15     0.3760E+11     0.0000E+00     0.3760E+11     0.9085E+00
      70.      2003         1         1     12.00     98.03     0.2094E+00     0.1861E-04     0.0000E+00     0.1861E-04     0.4230E+15     0.3760E+11     0.0000E+00     0.3760E+11     0.9086E+00
      70.      2004         1         1     12.00     98.05     0.2094E+00     0.1861E-04     0.0000E+00     0.1861E-04     0.4230E+15     0.3760E+11     0.0000E+00     0.3760E+11     0.9085E+00
      70.      2005         1         1     12.00     97.98     0.2094E+00     0.1861E-04     0.0000E+00     0.1861E-04     0.4230E+15     0.3760E+11     0.0000E+00     0.3760E+11     0.9086E+00
      70.      2006         1         1     12.00     98.00     0.2094E+00     0.1861E-04     0.0000E+00     0.1861E-04     0.4230E+15     0.3760E+11     0.0000E+00     0.3760E+11     0.9085E+00
      70.      2007         1         1     12.00     98.02     0.2094E+00     0.1861E-04     0.0000E+00     0.1861E-04     0.4230E+15     0.3760E+11     0.0000E+00     0.3760E+11     0.9086E+00
      70.      2008         1         1     12.00     98.04     0.2094E+00     0.1861E-04     0.0000E+00     0.1861E-04     0.4230E+15     0.3760E+11     0.0000E+00     0.3760E+11     0.9084E+00
      70.      2009         1         1     12.00     97.98     0.2094E+00     0.1861E-04     0.0000E+00     0.1861E-04     0.4230E+15     0.3760E+11     0.0000E+00     0.3760E+11     0.9086E+00
      70.      2010         1         1     12.00     98.00     0.2094E+00     0.1861E-04     0.0000E+00     0.1861E-04     0.4230E+15     0.3760E+11     0.0000E+00     0.3760E+11     0.9086E+00
      70.      2011         1         1     12.00     98.02     0.2094E+00     0.1861E-04     0.0000E+00     0.1861E-04     0.4230E+15     0.3760E+11     0.0000E+00     0.3760E+11     0.9085E+00
      70.      2012         1         1     12.00     98.04     0.2094E+00     0.1861E-04     0.0000E+00     0.1861E-04     0.4230E+15     0.3760E+11     0.0000E+00     0.3760E+11     0.9085E+00
      70.      2013         1         1     12.00     97.98     0.2094E+00     0.1861E-04     0.0000E+00     0.1861E-04     0.4230E+15     0.3760E+11     0.0000E+00     0.3760E+11     0.9086E+00
      70.      2014         1         1     12.00     98.00     0.2094E+00     0.1861E-04     0.0000E+00     0.1861E-04     0.4230E+15     0.3760E+11     0.0000E+00     0.3760E+11     0.9086E+00
      70.      2015         1         1     12.00     98.02     0.2094E+00     0.1861E-04     0.0000E+00     0.1861E-04     0.4230E+15     0.3760E+11     0.0000E+00     0.3760E+11     0.9085E+00
      70.      2016         1         1     12.00     98.04     0.2094E+00     0.1861E-04     0.0000E+00     0.1861E-04     0.4230E+15     0.3760E+11     0.0000E+00     0.3760E+11     0.9085E+00
      70.      2017         1         1     12.00     97.98     0.2094E+00     0.1861E-04     0.0000E+00     0.1861E-04     0.4230E+15     0.3760E+11     0.0000E+00     0.3760E+11     0.9086E+00
      70.      2018         1         1     12.00     98.00     0.2094E+00     0.1861E-04     0.0000E+00     0.1861E-04     0.4230E+15     0.3760E+11     0.0000E+00     0.3760E+11     0.9085E+00
      70.      2019         1         1     12.00     98.02     0.2094E+00     0.1861E-04     0.0000E+00     0.1861E-04     0.4230E+15     0.3760E+11     0.0000E+00     0.3760E+11     0.9085E+00
      70.      2020         1         1     12.00     98.04     0.2094E+00     0.1861E-04     0.0000E+00     0.1861E-04     0.4230E+15     0.3760E+11     0.0000E+00     0.3760E+11     0.9085E+00
      70.      2021         1         1     12.00     97.97     0.2094E+00     0.1861E-04     0.0000E+00     0.1861E-04     0.4230E+15     0.3760E+11     0.0000E+00     0.3760E+11     0.9086E+00
      70.      2022         1         1     12.00     97.99     0.2094E+00     0.1861E-04     0.0000E+00     0.1861E-04     0.4230E+15     0.3760E+11     0.0000E+00     0.3760E+11     0.9085E+00
      70.      2023         1         1     12.00     98.01     0.2094E+00     0.1861E-04     0.0000E+00     0.1861E-04     0.4230E+15     0.3760E+11     0.0000E+00     0.3760E+11     0.9085E+00
      70.      2024         1         1     12.00     98.03     0.2094E+00     0.1861E-04     0.0000E+00     0.1861E-04     0.4230E+15     0.3760E+11     0.0000E+00     0.3760E+11     0.9086E+00
      70.      2025         1         1     12.00     97.97     0.2094E+00     0.1861E-04     0.0000E+00     0.1861E-04     0.4230E+15     0.3760E+11     0.0000E+00     0.3760E+11     0.9085E+00
      70.      2026         1         1     12.00     97.99     0.2094E+00     0.1861E-04     0.0000E+00     0.1861E-04     0.4230E+15     0.3760E+11     0.0000E+00     0.3760E+11     0.9085E+00
      70.      2027         1         1     12.00     98.01     0.2094E+00     0.1861E-04     0.0000E+00     0.1861E-04     0.4230E+15     0.3760E+11     0.0000E+00     0.3760E+11     0.9085E+00
      70.      2028         1         1     12.00     98.03     0.2094E+00     0.1861E-04     0.0000E+00     0.1861E-04     0.4230E+15     0.3760E+11     0.0000E+00     0.3760E+11     0.9086E+00
      70.      2029         1         1     12.00     97.97     0.2094E+00     0.1861E-04     0.0000E+00     0.1861E-04     0.4230E+15     0.3760E+11     0.0000E+00     0.3760E+11     0.9085E+00
      70.      2030         1         1     12.00     97.99     0.2094E+00     0.1861E-04     0.0000E+00     0.1861E-04     0.4230E+15     0.3760E+11     0.0000E+00     0.3760E+11     0.9085E+00
      70.      2031         1         1     12.00     98.01     0.2094E+00     0.1861E-04     0.0000E+00     0.1861E-04     0.4230E+15     0.3760E+11     0.0000E+00     0.3760E+11     0.9085E+00
      70.      2032         1         1     12.00     98.03     0.2094E+00     0.1861E-04     0.0000E+00     0.1861E-04     0.4230E+15     0.3760E+11     0.0000E+00     0.3760E+11     0.9086E+00
      70.      2033         1         1     12.00     97.97     0.2094E+00     0.1861E-04     0.0000E+00     0.1861E-04     0.4230E+15     0.3760E+11     0.0000E+00     0.3760E+11     0.9085E+00
      70.      2034         1         1     12.00     97.99     0.2094E+00     0.1861E-04     0.0000E+00     0.1861E-04     0.4230E+15     0.3760E+11     0.0000E+00     0.3760E+11     0.9086E+00
      70.      2035         1         1     12.00     98.01     0.2094E+00     0.1861E-04     0.0000E+00     0.1861E-04     0.4230E+15     0.3760E+11     0.0000E+00     0.3760E+11     0.9085E+00
      70.      2036         1         1     12.00     98.03     0.2094E+00     0.1861E-04     0.0000E+00     0.1861E-04     0.4230E+15     0.3760E+11     0.0000E+00     0.3760E+11     0.9086E+00
      70.      2037         1         1     12.00     97.96     0.2094E+00     0.1861E-04     0.0000E+00     0.1861E-04     0.4230E+15     0.3759E+11     0.0000E+00     0.3759E+11     0.9084E+00
      70.      2038         1         1     12.00     97.98     0.2094E+00     0.1861E-04     0.0000E+00     0.1861E-04     0.4230E+15     0.3760E+11     0.0000E+00     0.3760E+11     0.9086E+00
      70.      2039         1         1     12.00     98.00     0.2094E+00     0.1861E-04     0.0000E+00     0.1861E-04     0.4230E+15     0.3760E+11     0.0000E+00     0.3760E+11     0.9085E+00
      70.      2040         1         1     12.00     98.02     0.2094E+00     0.1861E-04     0.0000E+00     0.1861E-04     0.4230E+15     0.3760E+11     0.0000E+00     0.3760E+11     0.9085E+00
      70.      2041         1         1     12.00     97.96     0.2094E+00     0.1861E-04     0.0000E+00     0.1861E-04     0.4230E+15     0.3759E+11     0.0000E+00     0.3759E+11     0.9084E+00
      70.      2042         1         1     12.00     97.98     0.2094E+00     0.1861E-04     0.0000E+00     0.1861E-04     0.4230E+15     0.3760E+11     0.0000E+00     0.3760E+11     0.9086E+00
      70.      2043         1         1     12.00     98.00     0.2094E+00     0.1861E-04     0.0000E+00     0.1861E-04     0.4230E+15     0.3760E+11     0.0000E+00     0.3760E+11     0.9085E+00
      70.      2044         1         1     12.00     98.02     0.2094E+00     0.1861E-04     0.0000E+00     0.1861E-04     0.4230E+15     0.3760E+11     0.0000E+00     0.3760E+11     0.9085E+00
      70.      2045         1         1     12.00     97.96     0.2094E+00     0.1861E-04     0.0000E+00     0.1861E-04     0.4230E+15     0.3760E+11     0.0000E+00     0.3760E+11     0.9085E+00
      70.      2046         1         1     12.00     97.98     0.2094E+00     0.1861E-04     0.0000E+00     0.1861E-04     0.4230E+15     0.3760E+11     0.0000E+00     0.3760E+11     0.9086E+00
      70.      2047         1         1     12.00     98.00     0.2094E+00     0.1861E-04     0.0000E+00     0.1861E-04     0.4230E+15     0.3760E+11     0.0000E+00     0.3760E+11     0.9085E+00
      70.      2048         1         1     12.00     98.02     0.2094E+00     0.1861E-04     0.0000E+00     0.1861E-04     0.4230E+15     0.3760E+11     0.0000E+00     0.3760E+11     0.9085E+00
      70.      2049         1         1     12.00     97.96     0.2094E+00     0.1861E-04     0.0000E+00     0.1861E-04     0.4230E+15     0.3760E+11     0.0000E+00     0.3760E+11     0.9085E+00
