75° latitude
0.45     albedo
07km altitude
   alt.[km]     year     month       day      hour  SZA[deg]         o2-vmr         ox-vmr          o-vmr         o3-vmr    [o2][cm^-3]   [ox][1/cm^3]    [o][1/cm^3]   [o3][1/cm^3]      topo3[DU]
       7.      2000         1         1     12.00     98.05     0.2090E+00     0.0000E+00     0.0000E+00     0.0000E+00     0.2550E+19     0.0000E+00     0.0000E+00     0.0000E+00     0.0000E+00
       7.      2001         1         1     12.00     97.99     0.2090E+00     0.0000E+00     0.0000E+00     0.0000E+00     0.2550E+19     0.0000E+00     0.0000E+00     0.0000E+00     0.1310E+03
       7.      2002         1         1     12.00     98.01     0.2090E+00     0.0000E+00     0.0000E+00     0.0000E+00     0.2550E+19     0.0000E+00     0.0000E+00     0.0000E+00     0.1492E+03
       7.      2003         1         1     12.00     98.03     0.2090E+00     0.0000E+00     0.0000E+00     0.0000E+00     0.2550E+19     0.0000E+00     0.0000E+00     0.0000E+00     0.1587E+03
       7.      2004         1         1     12.00     98.05     0.2090E+00     0.0000E+00     0.0000E+00     0.0000E+00     0.2550E+19     0.0000E+00     0.0000E+00     0.0000E+00     0.1647E+03
       7.      2005         1         1     12.00     97.98     0.2090E+00     0.0000E+00     0.0000E+00     0.0000E+00     0.2550E+19     0.0000E+00     0.0000E+00     0.0000E+00     0.1689E+03
       7.      2006         1         1     12.00     98.00     0.2090E+00     0.0000E+00     0.0000E+00     0.0000E+00     0.2550E+19     0.0000E+00     0.0000E+00     0.0000E+00     0.1723E+03
       7.      2007         1         1     12.00     98.02     0.2090E+00     0.0000E+00     0.0000E+00     0.0000E+00     0.2550E+19     0.0000E+00     0.0000E+00     0.0000E+00     0.1750E+03
       7.      2008         1         1     12.00     98.04     0.2090E+00     0.0000E+00     0.0000E+00     0.0000E+00     0.2550E+19     0.0000E+00     0.0000E+00     0.0000E+00     0.1774E+03
       7.      2009         1         1     12.00     97.98     0.2090E+00     0.0000E+00     0.0000E+00     0.0000E+00     0.2550E+19     0.0000E+00     0.0000E+00     0.0000E+00     0.1794E+03
       7.      2010         1         1     12.00     98.00     0.2090E+00     0.0000E+00     0.0000E+00     0.0000E+00     0.2550E+19     0.0000E+00     0.0000E+00     0.0000E+00     0.1811E+03
       7.      2011         1         1     12.00     98.02     0.2090E+00     0.0000E+00     0.0000E+00     0.0000E+00     0.2550E+19     0.0000E+00     0.0000E+00     0.0000E+00     0.1827E+03
       7.      2012         1         1     12.00     98.04     0.2090E+00     0.0000E+00     0.0000E+00     0.0000E+00     0.2550E+19     0.0000E+00     0.0000E+00     0.0000E+00     0.1840E+03
       7.      2013         1         1     12.00     97.98     0.2090E+00     0.0000E+00     0.0000E+00     0.0000E+00     0.2550E+19     0.0000E+00     0.0000E+00     0.0000E+00     0.1852E+03
       7.      2014         1         1     12.00     98.00     0.2090E+00     0.0000E+00     0.0000E+00     0.0000E+00     0.2550E+19     0.0000E+00     0.0000E+00     0.0000E+00     0.1864E+03
       7.      2015         1         1     12.00     98.02     0.2090E+00     0.0000E+00     0.0000E+00     0.0000E+00     0.2550E+19     0.0000E+00     0.0000E+00     0.0000E+00     0.1874E+03
       7.      2016         1         1     12.00     98.04     0.2090E+00     0.0000E+00     0.0000E+00     0.0000E+00     0.2550E+19     0.0000E+00     0.0000E+00     0.0000E+00     0.1883E+03
       7.      2017         1         1     12.00     97.98     0.2090E+00     0.0000E+00     0.0000E+00     0.0000E+00     0.2550E+19     0.0000E+00     0.0000E+00     0.0000E+00     0.1891E+03
       7.      2018         1         1     12.00     98.00     0.2090E+00     0.0000E+00     0.0000E+00     0.0000E+00     0.2550E+19     0.0000E+00     0.0000E+00     0.0000E+00     0.1900E+03
       7.      2019         1         1     12.00     98.02     0.2090E+00     0.0000E+00     0.0000E+00     0.0000E+00     0.2550E+19     0.0000E+00     0.0000E+00     0.0000E+00     0.1907E+03
       7.      2020         1         1     12.00     98.04     0.2090E+00     0.0000E+00     0.0000E+00     0.0000E+00     0.2550E+19     0.0000E+00     0.0000E+00     0.0000E+00     0.1914E+03
       7.      2021         1         1     12.00     97.97     0.2090E+00     0.0000E+00     0.0000E+00     0.0000E+00     0.2550E+19     0.0000E+00     0.0000E+00     0.0000E+00     0.1921E+03
       7.      2022         1         1     12.00     97.99     0.2090E+00     0.0000E+00     0.0000E+00     0.0000E+00     0.2550E+19     0.0000E+00     0.0000E+00     0.0000E+00     0.1927E+03
       7.      2023         1         1     12.00     98.01     0.2090E+00     0.0000E+00     0.0000E+00     0.0000E+00     0.2550E+19     0.0000E+00     0.0000E+00     0.0000E+00     0.1933E+03
       7.      2024         1         1     12.00     98.03     0.2090E+00     0.0000E+00     0.0000E+00     0.0000E+00     0.2550E+19     0.0000E+00     0.0000E+00     0.0000E+00     0.1939E+03
       7.      2025         1         1     12.00     97.97     0.2090E+00     0.0000E+00     0.0000E+00     0.0000E+00     0.2550E+19     0.0000E+00     0.0000E+00     0.0000E+00     0.1944E+03
       7.      2026         1         1     12.00     97.99     0.2090E+00     0.0000E+00     0.0000E+00     0.0000E+00     0.2550E+19     0.0000E+00     0.0000E+00     0.0000E+00     0.1950E+03
       7.      2027         1         1     12.00     98.01     0.2090E+00     0.0000E+00     0.0000E+00     0.0000E+00     0.2550E+19     0.0000E+00     0.0000E+00     0.0000E+00     0.1955E+03
       7.      2028         1         1     12.00     98.03     0.2090E+00     0.0000E+00     0.0000E+00     0.0000E+00     0.2550E+19     0.0000E+00     0.0000E+00     0.0000E+00     0.1959E+03
       7.      2029         1         1     12.00     97.97     0.2090E+00     0.0000E+00     0.0000E+00     0.0000E+00     0.2550E+19     0.0000E+00     0.0000E+00     0.0000E+00     0.1964E+03
       7.      2030         1         1     12.00     97.99     0.2090E+00     0.0000E+00     0.0000E+00     0.0000E+00     0.2550E+19     0.0000E+00     0.0000E+00     0.0000E+00     0.1968E+03
       7.      2031         1         1     12.00     98.01     0.2090E+00     0.0000E+00     0.0000E+00     0.0000E+00     0.2550E+19     0.0000E+00     0.0000E+00     0.0000E+00     0.1972E+03
       7.      2032         1         1     12.00     98.03     0.2090E+00     0.0000E+00     0.0000E+00     0.0000E+00     0.2550E+19     0.0000E+00     0.0000E+00     0.0000E+00     0.1976E+03
       7.      2033         1         1     12.00     97.97     0.2090E+00     0.0000E+00     0.0000E+00     0.0000E+00     0.2550E+19     0.0000E+00     0.0000E+00     0.0000E+00     0.1980E+03
       7.      2034         1         1     12.00     97.99     0.2090E+00     0.0000E+00     0.0000E+00     0.0000E+00     0.2550E+19     0.0000E+00     0.0000E+00     0.0000E+00     0.1984E+03
       7.      2035         1         1     12.00     98.01     0.2090E+00     0.0000E+00     0.0000E+00     0.0000E+00     0.2550E+19     0.0000E+00     0.0000E+00     0.0000E+00     0.1988E+03
       7.      2036         1         1     12.00     98.03     0.2090E+00     0.0000E+00     0.0000E+00     0.0000E+00     0.2550E+19     0.0000E+00     0.0000E+00     0.0000E+00     0.1991E+03
       7.      2037         1         1     12.00     97.96     0.2090E+00     0.0000E+00     0.0000E+00     0.0000E+00     0.2550E+19     0.0000E+00     0.0000E+00     0.0000E+00     0.1994E+03
       7.      2038         1         1     12.00     97.98     0.2090E+00     0.0000E+00     0.0000E+00     0.0000E+00     0.2550E+19     0.0000E+00     0.0000E+00     0.0000E+00     0.1998E+03
       7.      2039         1         1     12.00     98.00     0.2090E+00     0.0000E+00     0.0000E+00     0.0000E+00     0.2550E+19     0.0000E+00     0.0000E+00     0.0000E+00     0.2001E+03
       7.      2040         1         1     12.00     98.02     0.2090E+00     0.0000E+00     0.0000E+00     0.0000E+00     0.2550E+19     0.0000E+00     0.0000E+00     0.0000E+00     0.2004E+03
       7.      2041         1         1     12.00     97.96     0.2090E+00     0.0000E+00     0.0000E+00     0.0000E+00     0.2550E+19     0.0000E+00     0.0000E+00     0.0000E+00     0.2007E+03
       7.      2042         1         1     12.00     97.98     0.2090E+00     0.0000E+00     0.0000E+00     0.0000E+00     0.2550E+19     0.0000E+00     0.0000E+00     0.0000E+00     0.2009E+03
       7.      2043         1         1     12.00     98.00     0.2090E+00     0.0000E+00     0.0000E+00     0.0000E+00     0.2550E+19     0.0000E+00     0.0000E+00     0.0000E+00     0.2012E+03
       7.      2044         1         1     12.00     98.02     0.2090E+00     0.0000E+00     0.0000E+00     0.0000E+00     0.2550E+19     0.0000E+00     0.0000E+00     0.0000E+00     0.2015E+03
       7.      2045         1         1     12.00     97.96     0.2090E+00     0.0000E+00     0.0000E+00     0.0000E+00     0.2550E+19     0.0000E+00     0.0000E+00     0.0000E+00     0.2017E+03
       7.      2046         1         1     12.00     97.98     0.2090E+00     0.0000E+00     0.0000E+00     0.0000E+00     0.2550E+19     0.0000E+00     0.0000E+00     0.0000E+00     0.2020E+03
       7.      2047         1         1     12.00     98.00     0.2090E+00     0.0000E+00     0.0000E+00     0.0000E+00     0.2550E+19     0.0000E+00     0.0000E+00     0.0000E+00     0.2022E+03
       7.      2048         1         1     12.00     98.02     0.2090E+00     0.0000E+00     0.0000E+00     0.0000E+00     0.2550E+19     0.0000E+00     0.0000E+00     0.0000E+00     0.2024E+03
       7.      2049         1         1     12.00     97.96     0.2090E+00     0.0000E+00     0.0000E+00     0.0000E+00     0.2550E+19     0.0000E+00     0.0000E+00     0.0000E+00     0.2026E+03
