90° latitude
0.58     albedo
04km altitude
   alt.[km]     year     month       day      hour  SZA[deg]         o2-vmr         ox-vmr          o-vmr         o3-vmr    [o2][cm^-3]   [ox][1/cm^3]    [o][1/cm^3]   [o3][1/cm^3]      topo3[DU]
       4.      2000         1         1     12.00    113.05     0.2098E+00     0.0000E+00     0.0000E+00     0.0000E+00     0.3630E+19     0.0000E+00     0.0000E+00     0.0000E+00     0.0000E+00
       4.      2001         1         1     12.00    112.98     0.2098E+00     0.0000E+00     0.0000E+00     0.0000E+00     0.3630E+19     0.0000E+00     0.0000E+00     0.0000E+00     0.9608E+02
       4.      2002         1         1     12.00    113.00     0.2098E+00     0.0000E+00     0.0000E+00     0.0000E+00     0.3630E+19     0.0000E+00     0.0000E+00     0.0000E+00     0.1105E+03
       4.      2003         1         1     12.00    113.02     0.2098E+00     0.0000E+00     0.0000E+00     0.0000E+00     0.3630E+19     0.0000E+00     0.0000E+00     0.0000E+00     0.1187E+03
       4.      2004         1         1     12.00    113.04     0.2098E+00     0.0000E+00     0.0000E+00     0.0000E+00     0.3630E+19     0.0000E+00     0.0000E+00     0.0000E+00     0.1240E+03
       4.      2005         1         1     12.00    112.98     0.2098E+00     0.0000E+00     0.0000E+00     0.0000E+00     0.3630E+19     0.0000E+00     0.0000E+00     0.0000E+00     0.1278E+03
       4.      2006         1         1     12.00    113.00     0.2098E+00     0.0000E+00     0.0000E+00     0.0000E+00     0.3630E+19     0.0000E+00     0.0000E+00     0.0000E+00     0.1307E+03
       4.      2007         1         1     12.00    113.02     0.2098E+00     0.0000E+00     0.0000E+00     0.0000E+00     0.3630E+19     0.0000E+00     0.0000E+00     0.0000E+00     0.1330E+03
       4.      2008         1         1     12.00    113.04     0.2098E+00     0.0000E+00     0.0000E+00     0.0000E+00     0.3630E+19     0.0000E+00     0.0000E+00     0.0000E+00     0.1350E+03
       4.      2009         1         1     12.00    112.98     0.2098E+00     0.0000E+00     0.0000E+00     0.0000E+00     0.3630E+19     0.0000E+00     0.0000E+00     0.0000E+00     0.1368E+03
       4.      2010         1         1     12.00    113.00     0.2098E+00     0.0000E+00     0.0000E+00     0.0000E+00     0.3630E+19     0.0000E+00     0.0000E+00     0.0000E+00     0.1383E+03
       4.      2011         1         1     12.00    113.02     0.2098E+00     0.0000E+00     0.0000E+00     0.0000E+00     0.3630E+19     0.0000E+00     0.0000E+00     0.0000E+00     0.1397E+03
       4.      2012         1         1     12.00    113.04     0.2098E+00     0.0000E+00     0.0000E+00     0.0000E+00     0.3630E+19     0.0000E+00     0.0000E+00     0.0000E+00     0.1409E+03
       4.      2013         1         1     12.00    112.98     0.2098E+00     0.0000E+00     0.0000E+00     0.0000E+00     0.3630E+19     0.0000E+00     0.0000E+00     0.0000E+00     0.1420E+03
       4.      2014         1         1     12.00    113.00     0.2098E+00     0.0000E+00     0.0000E+00     0.0000E+00     0.3630E+19     0.0000E+00     0.0000E+00     0.0000E+00     0.1430E+03
       4.      2015         1         1     12.00    113.02     0.2098E+00     0.0000E+00     0.0000E+00     0.0000E+00     0.3630E+19     0.0000E+00     0.0000E+00     0.0000E+00     0.1440E+03
       4.      2016         1         1     12.00    113.04     0.2098E+00     0.0000E+00     0.0000E+00     0.0000E+00     0.3630E+19     0.0000E+00     0.0000E+00     0.0000E+00     0.1448E+03
       4.      2017         1         1     12.00    112.97     0.2098E+00     0.0000E+00     0.0000E+00     0.0000E+00     0.3630E+19     0.0000E+00     0.0000E+00     0.0000E+00     0.1456E+03
       4.      2018         1         1     12.00    112.99     0.2098E+00     0.0000E+00     0.0000E+00     0.0000E+00     0.3630E+19     0.0000E+00     0.0000E+00     0.0000E+00     0.1463E+03
       4.      2019         1         1     12.00    113.01     0.2098E+00     0.0000E+00     0.0000E+00     0.0000E+00     0.3630E+19     0.0000E+00     0.0000E+00     0.0000E+00     0.1470E+03
       4.      2020         1         1     12.00    113.03     0.2098E+00     0.0000E+00     0.0000E+00     0.0000E+00     0.3630E+19     0.0000E+00     0.0000E+00     0.0000E+00     0.1476E+03
       4.      2021         1         1     12.00    112.97     0.2098E+00     0.0000E+00     0.0000E+00     0.0000E+00     0.3630E+19     0.0000E+00     0.0000E+00     0.0000E+00     0.1482E+03
       4.      2022         1         1     12.00    112.99     0.2098E+00     0.0000E+00     0.0000E+00     0.0000E+00     0.3630E+19     0.0000E+00     0.0000E+00     0.0000E+00     0.1487E+03
       4.      2023         1         1     12.00    113.01     0.2098E+00     0.0000E+00     0.0000E+00     0.0000E+00     0.3630E+19     0.0000E+00     0.0000E+00     0.0000E+00     0.1493E+03
       4.      2024         1         1     12.00    113.03     0.2098E+00     0.0000E+00     0.0000E+00     0.0000E+00     0.3630E+19     0.0000E+00     0.0000E+00     0.0000E+00     0.1498E+03
       4.      2025         1         1     12.00    112.97     0.2098E+00     0.0000E+00     0.0000E+00     0.0000E+00     0.3630E+19     0.0000E+00     0.0000E+00     0.0000E+00     0.1503E+03
       4.      2026         1         1     12.00    112.99     0.2098E+00     0.0000E+00     0.0000E+00     0.0000E+00     0.3630E+19     0.0000E+00     0.0000E+00     0.0000E+00     0.1507E+03
       4.      2027         1         1     12.00    113.01     0.2098E+00     0.0000E+00     0.0000E+00     0.0000E+00     0.3630E+19     0.0000E+00     0.0000E+00     0.0000E+00     0.1511E+03
       4.      2028         1         1     12.00    113.03     0.2098E+00     0.0000E+00     0.0000E+00     0.0000E+00     0.3630E+19     0.0000E+00     0.0000E+00     0.0000E+00     0.1516E+03
       4.      2029         1         1     12.00    112.97     0.2098E+00     0.0000E+00     0.0000E+00     0.0000E+00     0.3630E+19     0.0000E+00     0.0000E+00     0.0000E+00     0.1520E+03
       4.      2030         1         1     12.00    112.99     0.2098E+00     0.0000E+00     0.0000E+00     0.0000E+00     0.3630E+19     0.0000E+00     0.0000E+00     0.0000E+00     0.1524E+03
       4.      2031         1         1     12.00    113.01     0.2098E+00     0.0000E+00     0.0000E+00     0.0000E+00     0.3630E+19     0.0000E+00     0.0000E+00     0.0000E+00     0.1527E+03
       4.      2032         1         1     12.00    113.03     0.2098E+00     0.0000E+00     0.0000E+00     0.0000E+00     0.3630E+19     0.0000E+00     0.0000E+00     0.0000E+00     0.1531E+03
       4.      2033         1         1     12.00    112.96     0.2098E+00     0.0000E+00     0.0000E+00     0.0000E+00     0.3630E+19     0.0000E+00     0.0000E+00     0.0000E+00     0.1534E+03
       4.      2034         1         1     12.00    112.98     0.2098E+00     0.0000E+00     0.0000E+00     0.0000E+00     0.3630E+19     0.0000E+00     0.0000E+00     0.0000E+00     0.1538E+03
       4.      2035         1         1     12.00    113.01     0.2098E+00     0.0000E+00     0.0000E+00     0.0000E+00     0.3630E+19     0.0000E+00     0.0000E+00     0.0000E+00     0.1541E+03
       4.      2036         1         1     12.00    113.03     0.2098E+00     0.0000E+00     0.0000E+00     0.0000E+00     0.3630E+19     0.0000E+00     0.0000E+00     0.0000E+00     0.1544E+03
       4.      2037         1         1     12.00    112.96     0.2098E+00     0.0000E+00     0.0000E+00     0.0000E+00     0.3630E+19     0.0000E+00     0.0000E+00     0.0000E+00     0.1547E+03
       4.      2038         1         1     12.00    112.98     0.2098E+00     0.0000E+00     0.0000E+00     0.0000E+00     0.3630E+19     0.0000E+00     0.0000E+00     0.0000E+00     0.1550E+03
       4.      2039         1         1     12.00    113.00     0.2098E+00     0.0000E+00     0.0000E+00     0.0000E+00     0.3630E+19     0.0000E+00     0.0000E+00     0.0000E+00     0.1553E+03
       4.      2040         1         1     12.00    113.02     0.2098E+00     0.0000E+00     0.0000E+00     0.0000E+00     0.3630E+19     0.0000E+00     0.0000E+00     0.0000E+00     0.1556E+03
       4.      2041         1         1     12.00    112.96     0.2098E+00     0.0000E+00     0.0000E+00     0.0000E+00     0.3630E+19     0.0000E+00     0.0000E+00     0.0000E+00     0.1558E+03
       4.      2042         1         1     12.00    112.98     0.2098E+00     0.0000E+00     0.0000E+00     0.0000E+00     0.3630E+19     0.0000E+00     0.0000E+00     0.0000E+00     0.1561E+03
       4.      2043         1         1     12.00    113.00     0.2098E+00     0.0000E+00     0.0000E+00     0.0000E+00     0.3630E+19     0.0000E+00     0.0000E+00     0.0000E+00     0.1563E+03
       4.      2044         1         1     12.00    113.02     0.2098E+00     0.0000E+00     0.0000E+00     0.0000E+00     0.3630E+19     0.0000E+00     0.0000E+00     0.0000E+00     0.1566E+03
       4.      2045         1         1     12.00    112.96     0.2098E+00     0.0000E+00     0.0000E+00     0.0000E+00     0.3630E+19     0.0000E+00     0.0000E+00     0.0000E+00     0.1568E+03
       4.      2046         1         1     12.00    112.98     0.2098E+00     0.0000E+00     0.0000E+00     0.0000E+00     0.3630E+19     0.0000E+00     0.0000E+00     0.0000E+00     0.1570E+03
       4.      2047         1         1     12.00    113.00     0.2098E+00     0.0000E+00     0.0000E+00     0.0000E+00     0.3630E+19     0.0000E+00     0.0000E+00     0.0000E+00     0.1572E+03
       4.      2048         1         1     12.00    113.02     0.2098E+00     0.0000E+00     0.0000E+00     0.0000E+00     0.3630E+19     0.0000E+00     0.0000E+00     0.0000E+00     0.1574E+03
       4.      2049         1         1     12.00    112.95     0.2098E+00     0.0000E+00     0.0000E+00     0.0000E+00     0.3630E+19     0.0000E+00     0.0000E+00     0.0000E+00     0.1576E+03
